,2x17,2x18,2x19,2x20,2x21,2x22,2x23,3x17,3x18,3x19,3x20,3x21,3x22,3x23,3x24,4x16,4x17,4x18,4x19,4x20,4x21,4x22,4x23,4x24,5x14,5x15,5x16,5x17,5x18,5x19,5x20,5x21,5x22,5x23,5x24,5x25,6x14,6x15,6x16,6x17,6x18,6x19,6x20,6x21,6x22,6x23,6x24,6x25,6x26,7x14,7x15,7x16,7x17,7x18,7x19,7x20,7x21,7x22,7x23,7x24,7x25,7x26,7x27,8x14,8x15,8x16,8x17,8x18,8x19,8x20,8x21,8x22,8x23,8x24,8x25,8x26,8x27,8x28,8x29,9x14,9x15,9x16,9x17,9x18,9x19,9x20,9x21,9x22,9x23,9x24,9x25,9x26,9x27,9x28,9x29,9x30,9x31,10x15,10x16,10x17,10x18,10x19,10x20,10x21,10x22,10x23,10x24,10x25,10x26,10x27,10x28,10x29,10x30,10x31,10x32,11x15,11x16,11x17,11x18,11x19,11x20,11x21,11x22,11x23,11x24,11x25,11x26,11x27,11x28,11x29,11x30,11x31,11x32,11x33,12x15,12x16,12x17,12x18,12x19,12x20,12x21,12x22,12x23,12x24,12x25,12x26,12x27,12x28,12x29,12x30,12x31,12x32,12x33,13x15,13x16,13x17,13x18,13x19,13x20,13x21,13x22,13x23,13x24,13x25,13x26,13x27,13x28,13x29,13x30,13x31,13x32,13x33,14x16,14x17,14x18,14x19,14x20,14x21,14x22,14x23,14x24,14x25,14x26,14x27,14x28,14x29,14x30,14x31,14x32,14x33,15x16,15x17,15x18,15x19,15x20,15x21,15x23,15x24,15x25,15x26,15x27,15x28,15x29,15x30,15x31,15x32,15x33,16x16,16x17,16x18,16x19,16x20,16x21,16x22,16x23,16x24,16x25,16x26,16x27,16x28,16x29,16x30,16x31,16x32,16x33,17x16,17x17,17x18,17x19,17x20,17x21,17x22,17x23,17x24,17x25,17x26,17x27,17x28,17x29,17x30,17x31,17x32,17x33,18x16,18x17,18x18,18x19,18x20,18x21,18x22,18x23,18x24,18x25,18x26,18x27,18x28,18x29,18x30,18x31,18x32,18x33,19x16,19x17,19x18,19x19,19x20,19x21,19x22,19x23,19x24,19x25,19x26,19x27,19x28,19x29,19x30,19x31,19x32,19x33,20x16,20x17,20x18,20x19,20x20,20x21,20x22,20x23,20x24,20x25,20x26,20x27,20x28,20x29,20x30,20x31,20x32,21x17,21x18,21x19,21x20,21x21,21x22,21x23,21x24,21x25,21x26,21x27,21x28,21x29,21x30,21x31,22x17,22x18,22x19,22x20,22x21,22x22,22x23,22x24,22x25,22x26,22x27,22x28,22x29,22x30,22x31,23x18,23x19,23x20,23x21,23x22,23x23,23x24,23x25,23x26,23x27,23x28,23x29,23x30,24x18,24x19,24x20,24x21,24x22,24x23,24x24,24x25,24x26,24x27,24x28,24x29,25x19,25x20,25x21,25x22,25x23,25x24,25x25,25x26,25x27,25x28,25x29,26x20,26x21,26x22,26x23,26x24,26x25,26x26,26x27,26x28,26x29,27x20,27x21,27x22,27x23,27x24,27x25,27x26,27x27
B cell,1.87968885675232e-09,3.42464100727511e-08,6.77705460107514e-08,1.69002733689306e-09,4.19034903838675e-08,2.76071585606277e-08,0.000138124349468691,1.93827370505232e-08,7.24057199243466e-09,4.85858284470096e-10,2.36878728766377e-05,5.13926334883047e-08,1.01990812833903e-07,1.19263781996091e-07,2.33131602149003e-07,1.70641746880734e-08,5.93177643348049e-05,4.71304973219077e-08,5.16596680756036e-08,2.90428417527876e-08,1.94679520971837e-08,4.94523058211865e-08,8.35915932305599e-08,3.75175901701999e-08,0.10977514756887,0.1925498926188,1.62800581569346e-07,2.91772914259161e-08,2.67733800565241e-05,2.0221586011683e-05,3.36631064403314e-09,1.42967879910363e-07,1.31485979053386e-08,1.630575797228e-08,1.56089348573568e-05,2.50017679867265e-05,0.47194138187838,0.35401164247769,1.25606674330509e-07,1.07202258116461e-08,5.17192113037841e-05,1.61230579816645e-09,0.00010155518751811,1.56333108823373e-05,1.45194697805348e-07,0.000128571184162648,6.24743547532905e-08,4.70753792313044e-08,2.59460179551788e-06,0.193602851780645,0.202066863147799,0.020274651340057,0.161977839799793,1.58269680842683e-08,6.8100652826845e-09,6.55272191182677e-05,2.91625595070781e-06,1.27514216748635e-05,9.19299665065333e-08,1.29479061105126e-08,2.93485137363546e-08,1.61350508988665e-10,1.94769974204325e-05,0.0410723709444922,0.0998636236880353,0.262319870929215,0.348426791905603,0.0457130326821321,3.32016342272383e-07,9.03416558695388e-08,1.12116939901349e-06,3.86679280576262e-07,8.61479187491524e-10,6.12907830538882e-09,4.64830533511622e-05,5.20072764571669e-08,0.000162690460250565,1.84380003272307e-05,3.15461413608647e-06,0.0206768106728761,0.216037170011535,0.168846602548737,0.33032577026477,0.590688806089913,7.69223803952817e-07,1.03439299383246e-08,3.99994980093622e-07,2.72216905018476e-08,3.06223131948033e-07,1.89560884806826e-08,1.18932018477462e-06,4.01294580579063e-08,9.88217256868257e-05,2.33406706983628e-05,1.11957821184875e-05,9.45231166979459e-06,5.87988755908334e-07,3.08392235162518e-08,0.0464135031951747,0.416468099092559,0.446441458922053,4.04254970643724e-08,4.2616650117739e-08,5.86350687327046e-07,3.58388189272706e-08,7.08613313768255e-08,2.71852999683617e-06,1.54202999961115e-07,0.000142759907167371,1.90925427264601e-08,1.0576857899311e-07,2.2211904217774e-08,3.89568433126284e-08,1.91356741691277e-08,1.09669227448921e-09,0.118932029301152,0.264111247472834,0.116395974005575,0.179163640909067,2.13338237171327e-07,1.46456756302608e-05,8.71362019833381e-08,1.61491684456565e-08,4.58627750241684e-08,1.09061218152978e-06,3.15926052728064e-05,9.37532434727485e-09,3.94952723494885e-07,3.115969178307e-07,1.04220105637755e-06,2.44035937148852e-06,1.92739608817346e-07,2.21100303429493e-05,2.05577927616006e-08,0.169718340315617,0.567158828817973,0.397492199997781,0.138529563971839,1.04091855834258e-06,3.43104611433846e-08,0.000264503533314911,3.69497478584686e-07,3.27957852574811e-05,4.36675392327459e-09,1.14150974361567e-05,6.51129728806545e-05,1.2109602957857e-07,6.10711100785064e-08,2.36452595333407e-06,7.81154410933051e-08,0.000192905262176314,5.24631478622112e-06,1.96584566659279e-09,0.0881741450382428,0.449511651146093,0.653806030653091,0.288209059415796,0.180796417094614,1.62903363020838e-06,6.24290533948905e-07,5.02612240271416e-07,2.84154968025518e-08,1.5744908208499e-06,2.95860017512622e-06,3.63717095394137e-08,5.24288473109895e-06,1.59259504613073e-06,8.73760251198529e-09,9.28542727017128e-07,9.39262993936477e-09,5.44890259926441e-09,2.66167196940667e-08,0.280033954826433,0.435908943101692,0.143013742437092,0.236625264630873,0.0746213635614273,0.000613232162772498,3.13567859514331e-08,2.92612789739586e-08,9.16634275281775e-09,1.83284634619426e-08,7.00960954286533e-08,1.09806761832604e-06,6.01665421308532e-09,1.47518902154205e-06,7.7503858385164e-06,1.10274934784947e-08,1.50117170142941e-06,3.6815262059842e-07,0.0226332969612828,0.402820495434472,0.153746554210603,0.166567307991176,1.35615095042536e-08,3.2115632953867e-06,1.38634273010423e-07,2.20037629478479e-07,2.71074553231053e-06,8.71832526271002e-08,7.44580341648125e-06,2.48215381313416e-08,3.29402094957402e-08,1.12055573911098e-08,1.93083985794796e-08,1.22444141508432e-05,4.71161076208353e-07,1.48706493889161e-07,0.29358670927658,2.53563694705661e-06,0.0616797266084553,3.23882727273773e-07,5.63785864266172e-08,4.90169228079802e-07,6.81699325397611e-05,7.27715993274879e-07,1.01965748750148e-08,1.32477361019288e-05,4.89398199835216e-08,5.32265118950286e-08,8.44408615381187e-05,4.36688314976037e-07,4.74128724638554e-08,7.74911423838964e-08,2.5313283238494e-07,0.233896764434529,0.271909444273763,0.284463616903526,0.0679949139499329,3.61349474162328e-10,1.17382451006968e-09,0.000120303943982436,1.33784670252432e-05,5.15085696829611e-08,2.8878434816972e-08,1.18804841500602e-07,3.01471901768061e-08,0.000236447131073712,1.32624971455562e-05,8.64380955304902e-09,6.78229325662239e-08,4.32203299169314e-07,1.56412830979211e-08,0.0386953240873026,0.0882534298366992,0.138951384752241,0.0996248931368105,2.70601752004332e-09,2.56974215836064e-05,1.68175045469407e-08,5.96273993446532e-06,0.000148921637303646,3.70341345328639e-05,6.07808563814652e-07,8.16206077733494e-06,8.36601444011188e-08,4.35113873888991e-09,2.30023293368816e-08,1.19889904373497e-09,2.32348387987479e-08,4.35830242435591e-07,0.250466989490827,8.17459114413877e-06,0.209229930396097,3.72457752643821e-08,1.00809721582509e-08,0.00216640115463781,1.26383369424705e-08,5.49016704721872e-07,7.28326576724117e-06,1.49285985376769e-08,1.70664884192086e-07,1.96882498486485e-06,7.0819784873126e-09,2.98147874500724e-08,5.00769627447945e-05,4.86968737402104e-08,2.68052231466601e-07,7.29233863513952e-09,0.0390517618204778,2.51809852732877e-07,0.554042115460291,0.205006032867273,4.68261609509034e-05,9.62465062760509e-07,2.5842618446246e-05,0.000119409938966651,6.88352866871432e-06,1.00355682152986e-08,3.2484483981437e-05,7.46389566910027e-10,2.00291497258266e-07,2.60836305295614e-07,3.16796184010095e-08,1.88175122999109e-07,6.2540461553897e-07,0.00915548322825399,0.854551366825811,0.42450428443693,3.20970428584516e-08,1.54563576609192e-07,1.46749844769147e-08,5.16076694348469e-08,1.38577558077177e-07,2.97697768571909e-06,1.27433925148175e-08,4.25503974115936e-08,2.27289049851367e-05,2.03022028554193e-08,3.45041973297631e-07,7.97622133398148e-10,0.325499660564125,0.598650870134392,0.45956456998065,7.70713938767797e-06,7.90990058739421e-05,2.02964760720751e-08,4.58635575946929e-07,1.13317456289521e-07,6.04950653692588e-05,3.6495802702788e-07,6.16845691152103e-08,7.15454624529409e-09,0.0001363880437628,1.10523717422445e-06,0.000328074579339621,0.406939193039288,0.414484211175677,0.0253405212240638,1.79317332640106e-07,3.31221814918841e-09,7.88781468480623e-08,2.2793245273408e-08,9.89251671367312e-07,3.17743592327728e-06,0.000224849344105828,2.64026874645315e-08,2.44921765735212e-08,8.85298165714138e-06,0.1673985512372,1.58617976373778e-08,0.187580494038148,0.112946368206338,0.000279008949692574,1.38098191778627e-08,4.01214920462995e-09,2.25053099880834e-05,1.06954697261696e-06,1.18636411438465e-07,1.947523189628e-05,3.21545168164664e-08,0.271518349052241,0.307824495462831,0.0178396447011771,7.35284412356908e-08,3.66585264424635e-09,1.234691265064e-08,2.2675277225815e-08,1.5242782892338e-08,2.34281877514252e-05,1.28903853844412e-07,8.2536511027472e-09,0.271066100657102,0.00576299958456588,3.77200464153838e-06,1.73136270770613e-08,3.94474468088849e-07,1.55207040879112e-07,2.26095895293239e-05,3.64429013288655e-08,1.78616004332816e-08,1.16518230883811e-09,5.56054266880112e-07,0.0471044942050796,1.31629160719847e-05,4.05413170560355e-06,7.83458726134927e-07,3.03759566416595e-07,2.57216554709865e-06,5.6725668503495e-08
Dendritic,0.0196690055049339,0.0190121550854162,0.0124218529066032,0.0144326448777087,0.0137029193245281,3.71583307965228e-06,4.84009648699096e-09,0.0564830525885533,0.026358700186192,3.36351248992977e-08,2.82407308924082e-10,3.31204079266515e-09,6.23084233962453e-08,2.02333830153178e-07,2.47134580907957e-08,0.0490518340471671,0.0812849030354269,0.0242738074031388,4.95260054974848e-09,1.8234486678427e-05,6.09059383744587e-06,4.35746496526132e-09,4.22734639347183e-10,7.47479410635845e-06,0.0766152976048051,0.0208592827790663,0.10778251621991,0.0806431418096144,0.0985508335206064,3.28094234769362e-08,0.0222846649964949,4.05979178359238e-10,2.48562478323355e-07,1.15721445693431e-08,5.42604486039429e-08,0.0120872124767792,0.000158386717894406,1.9037814251374e-05,7.85469221482388e-05,0.150264362021854,0.045118372000883,0.000131759062109144,3.38848208713876e-08,3.75104545383742e-09,0.0631562801287143,1.01841083047226e-05,0.0244170579811624,9.42353453771082e-08,0.000106649069317749,1.21834404844055e-07,0.049648438553309,0.0549345499727627,0.00652281484556026,0.108008210310847,1.13111057866772e-06,1.14407688867685e-09,0.0208688213659052,2.48398079696763e-08,2.78295044888965e-07,0.0570084092420148,7.34010790865942e-05,0.0210086527552231,1.05661310176265e-09,0.0452121406962888,6.53558445428163e-08,5.28752337957976e-05,0.00709225880843503,0.00497340776088041,3.33587193654614e-06,0.00191515590102256,0.000365217022183084,4.47745780302411e-09,3.25164635415869e-05,0.0740691033804736,0.0277058807293366,0.0276752960946913,1.66614930229924e-09,9.14804149610279e-09,0.063699995953947,0.00951896080071973,2.28197285225914e-05,5.95418255787219e-09,5.10457968547704e-07,4.62718492882481e-09,0.0395776019200508,1.86431391309836e-06,1.97560956141913e-06,0.000128530139540767,2.98988420916789e-06,0.0506701582240699,0.0142593829217304,1.41427294870006e-08,1.56177442984495e-05,0.122442059865364,0.0375696756097629,0.0426869080460818,8.96306039376588e-06,1.90023127682514e-06,0.0598342031175655,5.0283267427103e-05,1.41388998391044e-08,4.18021396113957e-09,0.000699496153853698,0.000337294771086514,0.000176753044655997,5.49031779234386e-10,0.0344801479461525,0.000199941915787213,0.101980168618978,0.0402608024261,0.0465513133421598,0.0569491444883534,0.00784802430513314,0.0205450524732383,0.142439559189821,3.20140032383428e-06,1.59917858186204e-08,4.97100751293299e-09,2.98825740298898e-05,0.0745251193669199,1.70047229806739e-09,6.18666717092064e-07,0.0286930750575351,0.0180298069272941,0.0813807015609687,1.24031763977042e-07,0.0709705169691283,0.0581057507913135,0.0535423607375357,0.0416678609713034,0.0281721870312128,0.00854346186452006,1.51510173645175e-07,9.62832874401635e-05,0.0463521713252584,5.50004840680387e-06,2.0907928982349e-09,3.79148437703442e-05,0.0609115596150169,2.78950577671087e-08,0.000110187433280981,0.00379716692394249,0.0270425395132668,0.0664631582463176,3.44226101709404e-07,2.83410770978252e-07,7.40775983074249e-06,0.0166627049767465,0.0713295203650925,0.0628195439412377,0.0271458776743105,1.92529884969605e-05,0.067773033253186,2.10778286953695e-06,8.30312288587784e-08,1.86921806204397e-05,0.0374866201413529,6.56633258881585e-07,2.9883861083799e-08,7.53869564898724e-06,4.88034591820986e-07,0.0615686286460454,0.103475658480955,0.0694874983864989,0.0203120532704596,2.32683739937346e-09,0.00509540839379779,0.0486338695873842,0.0271030774741216,1.25864185263183e-07,0.0629436820037376,0.000100604495897548,8.8098729892991e-05,1.95321196594526e-09,0.0536839510254282,0.00662411788701233,0.000142256615802298,4.90194509046738e-10,4.67392718790941e-08,0.0546827905790688,0.0228764066696074,0.0176143953093214,3.9555576500027e-07,4.39258070162949e-05,0.0594647275873542,0.000447487167989631,0.000183744629045526,0.00209990291048878,2.17545579915168e-06,0.0254336770064971,0.0605227894009153,1.95612125241211e-08,1.6388633929052e-05,0.0269450721739027,0.140164184491219,8.75896008845031e-08,0.0475535361054592,0.00954602201294964,2.30340974297073e-09,8.1736567257932e-09,0.0888441592357878,0.111965054381901,7.01915939481556e-09,2.63580744017291e-06,1.15256168254398e-07,0.123035604516856,0.00510321397475548,0.129983800568204,1.58750338019199e-08,1.89708701051759e-05,0.0674447744500895,0.0253998686091284,0.0161152852022426,0.0285555443698849,6.21147456630247e-09,0.0994722779657567,0.038663795716323,0.0134716485587862,0.0492015852622659,0.0503326692188126,1.96060733522106e-09,5.04215567944047e-09,0.0123040753836267,0.025753174612075,0.0588896371405053,3.86342615151436e-08,2.48835941702912e-06,3.13669123604601e-05,0.152012228584203,0.0187967213502585,0.0647321939479385,2.41782129981715e-05,0.0442902746317247,0.00935981515803734,0.0816716284560552,0.0298968913090296,1.06689079244739e-06,1.56380047512139e-07,3.74253646663776e-06,0.0311070953579235,0.0128177544260622,0.0404826799597953,0.0082563870177029,0.0673064832922235,0.0187279716438387,0.00132445564929373,0.0497761123503949,0.0223945284388451,0.0759910443105736,7.30861563660364e-06,0.0760458966056137,0.0230406776430817,0.0433551186527966,0.0178893263165521,0.0129732903979945,3.64224439517685e-09,2.79212355906663e-08,1.55178725005601e-07,2.17743186234e-08,6.91247965344284e-05,0.0204429754885792,3.46760644750005e-08,0.0252343923360123,2.49926622967484e-06,0.0489326739924217,0.050285927144208,5.27153712487421e-05,0.0258285294102284,0.102332661260793,0.106107929518219,0.0311601224099205,0.00818979781013586,0.0142941351504351,1.14475874283847e-05,3.020896005302e-06,3.2174075814792e-09,0.000114748899918071,0.0231764890177377,0.0725159187386877,0.0305860989720428,1.33685598521261e-08,6.34055726470752e-08,0.0407442764721966,0.0342286720399546,0.025821813323044,0.0417003600976664,0.00691922219832104,0.0753400451589467,0.12193575683619,0.0346936240426118,6.87620277851173e-08,0.000106484521323167,2.15217359562504e-06,0.187344932433386,0.0964078100430834,0.0401357400381251,0.0298856846705087,2.71239649430575e-07,9.06021019554463e-09,0.0291225004377409,0.0694095179894658,0.0440439780539979,1.37935854503902e-05,0.00729075413497254,0.0145598200799515,0.0155409900475779,5.1651768679293e-09,0.000137280632967115,7.38800242003696e-09,8.73519759229104e-05,3.86809231918993e-13,5.82760168510233e-09,0.000698818391640429,2.67728621673139e-08,0.0478773442643683,0.0368204432523787,0.00940023905316894,3.8960631019678e-05,7.12111438606813e-08,2.14283086246931e-06,0.0054841701089165,0.0458648395699249,2.8902265750614e-07,5.32756501304765e-09,9.42956163384e-06,2.15162586563478e-05,1.14379166807369e-08,7.82872586716715e-06,0.0287878780543539,0.0873691113927188,0.000258551433620545,0.0034390225973301,7.45906433773747e-06,0.0672684305007231,0.00912561518739635,0.000241899626835262,7.39799270496188e-05,3.84225135109119e-06,9.69508763611016e-05,0.0981003916815795,0.0315479399501256,0.0472016668666941,5.99907234587143e-05,2.5633981859309e-09,0.0112475041225666,0.0550868185664986,0.083474727256532,0.00567122415111858,0.034231563726809,1.8258683434868e-05,0.0327575984092233,7.57780907628024e-05,0.0153397182740202,1.61241383633147e-07,0.0210545164605533,0.0363640095225989,1.45264116846933e-10,0.0153672610008815,0.0527146831157449,0.00807770699890899,3.10897804863627e-05,0.116443725672255,0.000140740285131344,0.00274674426554518,0.0377172826426783,0.00407596356370157,0.0130538064566854,0.0394242768662218,0.0825238304344948,0.0391290590855535,0.0712731503667622,0.0579806908837396,0.0533333887488819,1.08369382169883e-05,0.0558046068738138,0.0187779942707858,0.0521434945117227,0.0363367012985951,2.32635030186126e-05,0.00238171990678814
Macrophage,0.283864381518192,0.185519664059308,0.272446502258519,0.284106474090221,0.339384964264243,0.377036826500711,0.398182287039332,0.25901412197054,0.202693125859262,0.266424382429096,0.307951144134691,0.324862367404396,0.286643507580299,0.467131369691957,0.39603848603208,0.111266799623754,0.262071326084478,0.216822935731139,0.346203730163421,0.300719151242983,0.26393620302506,0.230384059674962,0.44372995619788,0.250107187150973,0.0835762896084621,0.177814824454571,0.121249738169443,0.170770078192227,0.185985994754932,0.32817374295296,0.348447969023965,0.243335600411428,0.275903707330934,0.282363393683677,0.324820363669529,0.234759574844813,0.0849955404709779,0.118287141020115,0.174351044872644,0.162551441563299,0.190860620403845,0.36078096524774,0.287282189939488,0.302870601445761,0.164585031266904,0.247993478356071,0.340270234589306,0.234908642954184,0.118992463178659,0.113689781290272,0.142547952810995,0.120276735313396,0.167859479813616,0.154721605441909,0.307906343875823,0.373713938793534,0.216453019763824,0.134934337951222,0.141724762567627,0.205348277084622,0.218728032651154,0.185610005909254,0.209995034654964,0.108660420895992,0.147024466720044,0.123228381447307,0.115376101886083,0.193092365231073,0.235834036714613,0.461227257600404,0.25240284969872,0.244757306636868,0.276015498687523,0.18740597938501,0.144363807464917,0.11102880891631,0.330035737513431,0.312631324644238,0.160192336315683,0.13259169640898,0.100111482465587,0.0880131084653508,0.10340877409826,0.0245705052351224,0.201982505901199,0.521069907860256,0.488546820437419,0.280179235216347,0.204559573555738,0.144803017004253,0.144522547789938,0.189858850598101,0.304574128046756,0.0511970417884708,0.154600573339492,0.0883211309732485,0.149841990701791,0.192541740230626,0.0516464380248599,0.0710151227715844,0.0838052320304445,0.308192754306128,0.426438302045531,0.474599290921851,0.200359349192132,0.182312730072802,0.101236283659204,0.121960956895778,0.0763409391678317,0.202578697585443,0.127962952222181,0.104546012265574,0.107764313761946,0.14995336807728,0.0799378790258883,0.165203911776728,0.1570206459419,0.0983357151186336,0.120884292364601,0.139610986750188,0.30164049936757,0.584039068468932,0.153822507452343,0.128700389473464,0.0759423883889437,0.212321017610049,0.126814507779726,0.0817216341751403,0.0720264853172559,0.10166638777677,0.159252984032884,0.135817470439058,0.419518899515623,0.217219673733481,0.211169306731317,0.0311610988143736,0.10317651941069,0.0825943523066588,0.15857326216456,0.364649473617236,0.716623299776749,0.14648095575411,0.113421771404218,0.120598172842442,0.146059371604942,0.121445917300801,0.14579576310574,0.147439081717451,0.11817990769947,0.12206355625139,0.184291516074442,0.167737608733661,0.147817119810218,0.156445661298512,0.0843392629095463,0.0766293840464256,0.110221497037826,0.136388857861327,0.392531986215824,0.82582728968311,0.189231863638973,0.0666673514535036,0.0907810969952755,0.129615346536812,0.0687118244171953,0.226227136263104,0.13882049706731,0.142380396323881,0.203034882971855,0.205083526622146,0.15948674102312,0.161728639155083,0.13535242982553,0.0769771195394071,0.0433701676941773,0.160262964519711,0.296548923378209,0.648841958918541,0.160671637399841,0.0933366189187304,0.0799721619423666,0.128701313625582,0.0947044066396021,0.183244708291447,0.0980608105084073,0.28756914337394,0.215365785743613,0.2589374548899,0.338359547474884,0.212728592492067,0.061568548661503,0.0907207696212784,0.0688421332124858,0.0730488700204277,0.0592032300959244,0.305401108058484,0.0914679839656855,0.0965335625433075,0.100562331917186,0.186374002997332,0.0680730249608584,0.166292722620955,0.279472595492561,0.258420425114395,0.423733307823061,0.0899585107968418,0.151667520934341,0.0901927148826717,0.118946628199425,0.142180727925667,0.123817373450804,0.234275996906678,0.155721857472442,0.154012608727372,0.121779471263165,0.0904207332682702,0.129337655410447,0.221772591362923,0.0825950579824989,0.174196142048843,0.158831498570505,0.273967335397409,0.199792111253127,0.173754703970259,0.113643893580787,0.0977960058999988,0.0715224413324404,0.0476122214494391,0.0557525625427581,0.177986719552077,0.149403457526442,0.164561115683539,0.182082894007018,0.10382441532687,0.0648254718118513,0.0998974164027795,0.229633882992691,0.386148465608825,0.341643253856145,0.206744122873958,0.14901196653125,0.0912228944864633,0.161001108538683,0.053064699739498,0.121973341430316,0.0566596761928839,0.0511672889239275,0.221302521889942,0.119415549142837,0.319330831788171,0.144944253773439,0.121889027816798,0.0889171345495647,0.212832950779656,0.196304341917283,0.318901881384484,0.600824609763221,0.262622413943181,0.299160536724625,0.157582579324242,0.0781764586964702,0.0653446643103014,0.145827671622916,0.141951654497239,0.100915235532495,0.183573361046862,7.05011843711795e-05,0.136155575173893,0.116637389821739,0.0520371248519604,0.201139087763858,0.25081313282331,0.240642292704177,0.278220705856334,0.174592033551602,0.196238042165608,0.145689458498901,0.15450533105749,0.130591328360378,0.147884097081058,0.169831923787998,0.0616979593942165,0.129960682678872,0.15619578234189,0.113886867327818,0.112583563669159,0.242894955082666,0.0955257962123626,0.0473144801198314,0.315777796034965,0.222960118247482,0.260266741248205,0.135888290525981,0.0257068706315574,0.136420634271007,0.107679918246141,0.164418901862301,0.030229962316219,0.0986718571662378,0.195739675414926,0.0807835158414757,0.10345955672656,0.249052543934666,0.146219539561282,0.290565541196867,0.317733371947175,0.29412503286088,0.288795792669633,0.236320358392907,0.150116081986269,1.75463887160054e-13,0.112001060963203,0.0303341277427303,0.0945113628457761,0.0969494156827976,0.135910085895317,0.118427085268488,0.190143004407429,0.148709198047302,0.368707137575341,0.37817740121334,0.215738615017385,0.233440033975127,0.366078974270237,0.00114700958020796,0.998877097856068,0.0889266359049275,0.0937954763809645,0.0721721988010115,0.129353809230532,0.209721476315419,0.144812283034199,0.188535549207471,0.26702165164687,0.258632135244041,0.260084938848837,0.333669158569722,0.321421489190459,0.476054165619938,0.112063358349977,0.149925379935965,0.142022379474981,0.113821357724763,0.157991198537241,0.1329410788224,0.16247296281733,0.273352895508634,0.281867005046499,0.277019444314918,0.274049277479065,0.213039016787053,0.138707951298702,0.0756211931113273,0.197238330480367,0.0870315417675221,0.116632812670745,0.189356443318779,0.236320826388637,0.201129600620561,0.183896364979521,0.224205743607397,0.154462280987148,0.0913379966449261,0.22557769488837,0.138564053407979,0.155180188133119,0.134209755606254,0.15256755602508,0.336514129791712,0.197692486356268,0.197153382977288,0.202752098818739,0.0744355218316506,0.174537272186369,0.0656245114558722,0.122911117825117,0.0788782821122825,0.172479292551711,0.264182428630077,0.213478631701375
Mast,0.00310268954872515,2.64770405089171e-08,0.00144954516557088,0.000418028760029245,0.000525556047166017,0.000226026094229867,0.00827330110426499,8.49198383206151e-05,0.00549898672913357,1.98025008048778e-05,3.58507390784002e-09,0.00100606470665829,4.4297132412791e-07,3.86970157830654e-08,2.87201920060999e-09,0.000283695298283439,1.75583625492933e-09,0.000854344036474154,0.000202789392059331,7.99464379022235e-10,9.81848552552764e-06,0.000500531174236466,0.00307187753549199,0.00159875469803981,2.02853104811323e-05,6.56899342671552e-09,0.00126923444595437,0.00891708565235101,4.40119161731768e-08,3.70359937858342e-06,1.14222573448599e-07,0.00286608568345272,0.000287166027014319,1.59941282184118e-05,3.13075349790755e-08,1.36976069224074e-09,9.98808931955041e-08,9.59009389724444e-10,1.10058808498593e-05,0.00179330222738728,0.00126736104726715,5.38543363589232e-05,7.99011697999931e-08,0.00202131408968808,0.00159315588199137,4.26160607448173e-06,8.03450840010088e-09,0.0018692951890935,0.00450033469181795,4.26524846925504e-06,5.04344761995532e-05,0.00918384815218718,3.82228820771696e-09,2.01543550068456e-05,8.56999383444665e-05,0.000191812951672534,4.39455881735022e-08,0.00096057038559473,3.34645816389976e-06,0.00151064376139299,3.99515101704553e-05,8.78066586909203e-05,0.000551588708299285,2.67794932047941e-08,8.85966538549584e-05,2.02199231575836e-08,1.21688718237631e-08,0.00849437337196598,1.00017396544789e-08,2.46906493777112e-05,0.000367014228361883,0.000734026405860345,0.000231470981167793,2.60715461634426e-05,1.92685911674152e-05,0.00307733625787313,0.00023660491711783,0.00433068772433865,2.04798384421169e-05,5.57463684978399e-08,8.71928048312963e-05,1.82863281014962e-06,3.6003564324485e-05,0.000178968199514623,4.64762971056989e-08,2.43539053180087e-06,1.28841734450775e-05,0.00234521506789773,4.30103447959762e-08,0.00180701628736659,1.64703867376683e-05,7.76726748555859e-06,1.64086774185081e-08,0.00157804031377286,0.00234767214242121,0.00951638584250213,0.00443260933587293,3.87731282590664e-07,6.05524121463754e-09,1.89920364787596e-10,4.4183250373009e-06,8.92537411316311e-09,0.00686421515265164,3.66951013709673e-05,0.000457884264869056,3.13232992031547e-05,9.89541029872711e-08,4.64856911131087e-05,0.00746366157950592,0.000229139994549259,5.88150243870486e-08,0.00644564354892313,0.00120130578328963,5.2315577055924e-05,0.00496394429661702,1.54672926807229e-06,4.73028137464545e-07,4.78880611713147e-06,2.95724764367774e-07,2.22800520977402e-06,0.000135442204904683,0.000785187958810681,0.000714162882560815,0.000431279456644825,0.0013090733802255,0.00036928679487249,0.00351512753417531,0.00505883583388618,0.0114753566630583,0.00588824402646901,1.4964604818112e-08,5.43539156238606e-06,2.83616045754484e-09,6.63049667105753e-05,0.0070035335743329,0.00173397668836935,0.000100188939581667,4.78483182196547e-08,3.69736008451863e-07,9.39098258002913e-05,4.23886805476837e-09,0.00146849857437019,0.00905009563985613,0.000375102952372098,0.00117937259889031,0.00120128631105525,0.00831523396511634,0.00375353331563056,1.09411380474113e-05,9.57786327111532e-08,1.01928342014678e-07,9.1712009175402e-05,2.09163165163084e-05,4.16943469321413e-07,1.76837608763911e-08,1.60893678767615e-09,1.31531929612437e-07,7.73493716739407e-09,6.1695645312564e-05,5.15720552109739e-08,0.00127075052823254,0.00289379717561711,0.00350057527737847,0.00087977530055894,0.00101719634637655,0.000238644729409876,0.00271558519631561,0.00154121623281114,8.45379480664517e-05,0.000335255361164291,0.00241081064278026,1.37385919413769e-08,8.09873892946292e-07,0.000127996970992596,4.48624184619068e-06,4.53180368298964e-08,2.71162987518291e-08,0.000413591897064588,0.00115148042346096,0.000131944349689224,0.00268166604356413,0.0036598168450691,0.00497945100885654,6.08046903342884e-07,0.0049576681680292,0.000616754483043562,7.01696136710356e-09,0.0132895888359812,0.000346640798799051,4.24016634530796e-05,5.26651983009789e-08,0.0047485484088906,1.55778053221917e-05,1.64697015015452e-09,2.58211732060752e-05,5.4436983554926e-05,0.0062876138284537,0.00239570110182787,0.000138142120332427,0.000199859382339758,0.00238237679042031,6.44482266434007e-05,0.00114154701000121,0.000328949370968258,9.25913078821387e-05,3.51390324664105e-05,0.00331399062142167,0.0115836315415192,4.03574720699131e-07,7.78892392198449e-08,4.53489153645755e-08,0.00107233126340449,9.76736843451647e-07,2.15837931450201e-05,5.02381482261579e-07,0.00523683689213141,0.00197652237321389,0.000193711431833308,0.000264444631847782,0.00506257848749238,9.50509570034677e-06,6.11409785092574e-05,0.00159589440029921,0.0049356202375302,0.000158763520314421,0.00436105892313833,1.65558151197667e-09,8.96107986146046e-06,0.00270830299087002,2.28190571477877e-05,0.00256794075124225,0.000997762124998147,0.00267608133666816,0.00217172961618705,0.00406911644609461,0.00151530051877371,0.000443564526958937,1.31747146197298e-05,0.00319212538802264,0.00124897900042034,1.49949957967825e-08,0.00192975011595067,0.0144903163305696,0.00041137258898709,0.00152025031979455,1.46058284103426e-09,1.65290074685335e-06,0.00254278688284796,0.00622398585924861,2.73093103001117e-06,0.00274230841194727,0.00465550759174523,4.60769729100052e-05,6.37867528557353e-05,0.00457565847603654,1.58482054009211e-05,0.000150868763936846,1.58845094949584e-05,0.000104313221790024,3.3239173852049e-08,4.37996370165195e-05,3.4970571607901e-08,0.0403495271017446,1.87930281226288e-10,0.0135882570068676,0.000304970464128039,0.000125544864769309,0.00519056676662614,0.00172234149525138,0.00483364101305272,0.0018787875974284,0.00121788409200057,2.4012719777263e-05,0.000103364707424534,0.000644748471643038,0.000172859136844756,5.75063032965079e-05,2.86695005215641e-05,0.000716511114054016,0.00245585177459758,0.00124364209625484,1.29866869057453e-07,2.20405454935018e-09,4.08207326713431e-05,0.00184501331814905,1.05744543848435e-05,0.000213515136182786,0.00313116274940783,0.000719751991417339,0.000454106771647544,0.00029403907785562,2.31396578407404e-06,0.00264110433403597,0.00214396162055246,1.3402939481325e-05,0.00492589634200264,0.000602541098428957,3.88714584951263e-06,9.49435180289563e-05,3.45203699135904e-07,0.0101184601317849,0.00264200263024648,3.36972579203926e-08,0.00017175288510887,0.000540935803918236,4.05563061982805e-08,0.000220640635830391,1.50151265952114e-06,0.00533974016826734,1.94468977009404e-05,3.86739644968806e-13,3.30069564118533e-07,3.70915337407156e-09,6.72402233166506e-06,1.68848394009255e-07,0.00764520759056414,0.00483691594196972,6.92639713758805e-09,8.36356436453722e-06,0.00012066901901348,5.7225872719024e-07,3.05769963717873e-05,3.11351852008094e-06,0.000492421306494471,8.89334641923745e-09,2.14831801657935e-05,4.4087151510954e-09,7.22781897835358e-05,0.000320489941608577,5.16529025280115e-09,0.00466639962054451,3.09635780240674e-08,0.00167492424005201,1.19035185641872e-08,0.00173152304731393,2.25838077159206e-08,2.96087230303378e-05,4.89664104334193e-07,2.12503954198275e-06,1.75598449395561e-05,2.25697799426371e-05,7.59162349289033e-09,0.00304468840065693,1.14302021598948e-08,0.00582910690582098,4.36802346478888e-06,9.21525024946147e-09,4.01605328473098e-08,1.20001514569742e-07,0.00190984048992314,0.0024114725011893,5.57840854910107e-08,1.06050971410086e-06,1.32472559384454e-06,0.00391844339605524,0.00293215433020478,0.000589318223486004,8.78864327250552e-06,3.45752966244918e-06,5.38680322864058e-08,6.83811872898006e-07,0.00278708030527961,0.0149791997255085,6.88687816494451e-09,0.00528523075365024,0.000375674762810374,4.86667444917903e-05,0.00164937081435882,1.87288506204592e-07,1.84493804856697e-05,9.00543155409407e-05,1.251547164881e-05,8.31460395647886e-06,0.0228303980456427,0.00279278069862443,1.69672759180935e-05,0.00321217472985056,2.2313746793976e-07,5.35009426756943e-08,6.28512833849441e-07
NK,4.82888461129162e-08,4.00610677626172e-07,6.9236464159932e-05,4.47574198272805e-07,4.26136798665619e-08,2.70516942341435e-07,2.84437689411018e-06,9.94868362709557e-08,1.5951221376352e-06,2.00194359955583e-07,9.72472804882187e-05,0.00254098600139039,0.00973042487976803,2.72564554599267e-05,1.19280284472367e-06,0.0253598790091803,1.69279594459461e-07,0.000252085745605011,0.00550256781959972,9.90335092469587e-08,1.29470564202497e-08,1.88809978804e-05,0.00192333426351304,4.45464122637084e-05,1.14938234338963e-08,5.33657495094042e-09,1.52950431876778e-05,1.11493832043753e-05,8.01182093347643e-10,1.19623011714263e-07,2.64573949922194e-07,2.55762302082658e-08,3.23908685181844e-08,1.60581492421719e-06,1.04221883423723e-05,1.25045031242761e-09,1.1500953289263e-05,2.60261182283522e-06,2.5333966987452e-08,3.10786519457851e-07,4.7976272622917e-08,9.92793838538103e-06,2.97432694539161e-06,5.86892487419835e-05,3.0830080242876e-08,9.17916154240761e-09,7.28785144956245e-06,1.85959165530711e-07,0.00657869643092837,1.26054993823815e-08,2.76288270339843e-08,7.87461719990736e-06,6.70207418446541e-09,0.00481562455321525,4.27725302146892e-05,3.09959441612731e-08,1.68768650163083e-07,0.0205911475913713,6.95843967943396e-05,2.25559300169102e-08,3.65046985200984e-08,0.000367170286711188,6.67698430913084e-05,7.15972103294129e-08,3.14113849495516e-08,3.2356940927218e-08,1.14182797529097e-07,3.22727402204436e-07,0.0112363923411821,0.000258488880378486,1.16120233745452e-06,0.00633654759954242,2.55172109971181e-06,7.65007609382411e-08,4.18095013614214e-05,3.89837150501813e-07,1.0018540549349e-06,1.62572631497593e-05,3.54791521225208e-06,2.71956961568084e-06,3.07728544216894e-08,5.85937681167475e-09,4.39298748026035e-08,7.31460754313849e-08,2.27122544182183e-07,2.48851056001854e-08,7.08210606167133e-07,0.00757247279577539,6.07665353180801e-06,0.0211000862233376,6.26382814671674e-06,6.13437323741111e-07,5.45203603419392e-08,7.6161291035336e-08,8.33083738129243e-05,5.57392452624048e-08,4.47165689831383e-07,1.51155120409288e-07,1.30953861182723e-07,1.31571306910125e-06,2.33613296250893e-05,1.45818068312701e-05,2.45809444894248e-08,3.76923997171364e-08,0.0133170990350265,0.000297161571115607,3.06424046644982e-06,0.0196141471182976,8.06951644853498e-06,2.14417155371857e-08,1.54976743662161e-06,3.88778680363945e-05,0.000124021499567547,1.18818229186518e-07,0.0216779577846668,3.04568127371091e-08,6.72264090116522e-06,0.00525968180046423,1.75817991120589e-06,3.1355038426838e-05,8.41035274757629e-08,0.000497671175805344,0.00217423821694447,6.90442308323343e-06,4.10194267526653e-07,3.41619976709565e-09,4.23219553593702e-09,1.86189945040501e-08,1.94505932008187e-05,8.9843815016425e-05,0.000333325752870849,6.52588320996084e-05,1.94694298636734e-05,0.000113151805424862,4.86887909231274e-08,5.56371046682232e-07,1.46885056371737e-08,1.71358112580316e-09,1.51206126812971e-05,3.81025340605707e-05,2.10492689198221e-07,7.79056180881254e-06,3.76458132755846e-07,1.34442887844904e-07,2.76975050011117e-06,1.49787440943655e-08,1.21347650567527e-09,4.728340508535e-07,3.67279142873657e-08,4.16119596202133e-07,4.58878266618737e-07,6.4216594351124e-08,0.000120622405528736,6.01118476415343e-07,9.1816501245514e-06,4.62119446166528e-09,1.18996081663383e-05,3.46253330126047e-08,3.54223763220749e-09,0.00149687166414702,0.00249222230030103,9.91258856604311e-09,4.6118962700951e-08,2.95794852769767e-05,3.0219240068316e-05,0.000130881902891162,3.28794273995407e-07,1.39130488190733e-06,0.0510983391650192,0.0204865754465184,0.017395345189222,2.52822188564021e-05,3.12126234222234e-08,7.73087634226392e-09,1.42162382930492e-07,7.2142210378538e-07,0.0349558379519915,1.52558434471141e-08,0.0168450534301036,7.86004922039556e-06,0.000921603763690864,5.6515263534245e-06,5.25354590794158e-08,5.20846441240864e-05,5.17496553619862e-07,1.82043031712006e-06,5.09809204002204e-07,0.000116894730105877,0.000180180973383226,0.0151904392051429,0.00424978698348961,2.02702696115159e-07,3.79657156320563e-06,2.13458118356322e-05,1.11360844892476e-08,8.99239720546991e-07,1.16796167486575e-07,9.77653560317064e-08,8.55096581474364e-05,2.50174163182733e-05,1.24169141783936e-07,0.000951039343744793,6.26246220528941e-07,5.07695821097498e-08,0.00116944749442396,2.67240438132063e-07,3.31981221037387e-07,0.00446760708863428,0.000173101957307539,3.68876309098809e-08,1.12159265453935e-08,4.79641838913268e-06,6.87282133593917e-09,2.28719514186199e-05,1.07524293480282e-08,3.58279451005283e-07,6.35445341746229e-07,2.64281719384613e-06,0.0087616566958626,0.00633353743505014,0.0757189478443562,1.84204334854726e-05,0.0151723115071994,1.26117675128562e-08,1.48064095701785e-05,2.86552423715748e-05,8.21619528337036e-05,1.05194620342438e-06,6.95188617096841e-07,0.00023261047799096,0.000379130350792999,1.01282792861233e-08,0.00018110953388963,0.00703707688213429,0.0115108278371828,1.62619272723181e-06,1.48067042688185e-09,5.11420592665879e-08,1.56524384738775e-08,0.0130290982921655,0.0270070570806306,1.52955325420492e-07,0.00466034282813678,1.12144222061802e-07,0.00514477054714575,3.76938201573325e-05,7.77700309086397e-08,4.77364384042658e-07,1.79257456916724e-08,1.84586636664889e-07,1.65717861031873e-05,1.04523874483589e-07,1.1505214871885e-05,1.92829154344095e-08,1.78545031916136e-08,4.43574618632986e-06,0.00718729605900744,7.18225898084863e-06,4.47904179512449e-07,7.72166183368582e-06,6.59071282938438e-08,0.00753465885952683,3.47142839123443e-07,7.46111672844002e-08,4.15735301319016e-07,1.08842939858382e-07,5.90986863575696e-07,7.61192380101172e-07,2.91503876939234e-07,0.00475315933298847,0.00143736642580733,0.00403772848080399,0.0646093274891024,5.29162427082866e-05,1.57434756638161e-08,2.03669156899347e-08,0.0397889797442816,2.15030053975595e-08,9.98839000809419e-08,0.000248827809668298,0.00194440697538009,0.0019273372824817,5.28960103809749e-06,1.78164922662394e-08,7.24128317256906e-07,3.08651056130458e-08,7.50912065335773e-09,3.51553712192079e-07,3.12714207822559e-05,7.46261455945141e-08,0.0311224955978985,3.56453561544941e-08,1.72712081550447e-08,6.13207447145366e-05,0.0221258271679529,2.01395206449853e-08,0.0299435096623349,0.000203111186391825,2.24773647876065e-08,0.00299514362193735,1.69736603260185e-08,0.0043078309340104,0.0552517419380282,0.000175168424754706,1.77076028875969e-05,0.00748431674383497,8.84918817387713e-05,4.75974118728187e-08,0.00229569727791839,0.000430382547939002,5.35681805601298e-10,7.24371608473446e-06,2.19157413052805e-06,0.0114917077967152,3.67971677015733e-06,1.96826415670393e-08,5.50057695235904e-07,9.53742634828402e-06,4.40470646689742e-06,0.0198019756649202,1.13924358722491e-07,1.36857502193056e-06,1.45068004569015e-05,0.00112187285540438,0.00550539156507615,0.000127575312448235,2.73074461563891e-06,9.96986532718208e-05,1.01305330286665e-08,0.0122629808004049,1.13230785063226e-08,6.29623999277532e-05,4.90184883622748e-07,0.0133307473771872,1.70017690699919e-06,2.73829372778726e-08,7.04749195000219e-06,4.21337949064564e-07,9.06290851707807e-06,1.79084197683514e-08,3.12189837598577e-07,8.59848203666931e-09,3.72655898767895e-07,2.46290667097181e-05,0.000451804577015746,3.52246953553615e-05,1.61880575000874e-06,0.00685410885079203,0.0360100636369514,7.9912337821895e-09,0.0059726656883534,4.02714898266585e-06,8.77938246141934e-09,5.54821632664538e-05,8.48680791547207e-08,0.000238782417413897,0.00326483201115648,9.25161266933302e-08,4.81561858782404e-06,0.000630168665606457,0.0311697617157824,4.73185268879633e-07,1.2307736547846e-05,1.38953261639892e-05,3.23973254704191e-06,0.00358077892485671,2.96347822376708e-05,3.11041521623421e-05,1.9313304427988e-07,0.0324385738647137,1.25487815686812e-07,0.00429727383919983,0.0134265045107583,2.21129430522453e-05,1.23701581413246e-07,2.98585012493304e-05,3.27028183906777e-08,2.95720520795924e-06,1.31961032460338e-06,0.0136063542912867
T CD4,0.0551813906069617,0.114297654677319,0.122783530520155,0.184546696439133,0.0565743992262848,0.173317966098524,0.22475667164802,0.158136453616108,0.183750850794508,0.120703762055442,0.0681192497878817,0.0900519721772431,0.161481488666163,0.0322655621932309,0.054105348099635,0.273966929473322,0.15528610513722,0.152035727251612,0.0928982234580903,0.0973406392818967,0.0539541007059312,0.108195519143609,2.45997167239378e-05,0.0500481989234584,0.250422815285065,0.232858041006222,0.248129422519546,0.0749758543504742,0.174330874940222,0.086386950177253,0.104176347439303,0.172558240192384,0.251875984040189,0.0845742589760548,0.0351947592381996,0.0877065984779898,0.0947064107971428,0.213228663552699,0.333416600373687,0.2806186167554,0.180280549916298,0.0276226395030821,0.019748997175617,0.0677654297358815,0.0620873565995612,0.0910137433186987,0.0186353732899214,0.152906755223509,0.111342838516618,0.250777024882902,0.196200249845672,0.196534755323128,0.206124891026672,0.106360647132893,0.0906003253552264,0.106693974619953,0.154155308839771,0.141055631858841,0.193177182909311,0.0858650266930888,0.123774669899214,0.0857957402793649,0.00930733231885656,0.235599197231484,0.232811240051479,0.463004808010232,0.222452859116523,0.212015364991415,0.0790089279441403,0.0640414642601338,0.122651092055293,0.0483805461614785,0.0286751831981775,0.0922888263915148,0.0417165041007041,0.186697914750037,0.0110055353356399,0.0971747089585567,0.0805009557720319,0.219130283779237,0.206080802569837,0.272928578002373,0.372640852147939,0.247059966963346,0.0997105462591009,0.0283788942523415,0.0106449791973835,0.0633694411429856,0.147468620035399,0.12857685463011,0.228403273645049,0.122936476837623,0.169964786580835,0.0586061760706851,0.228428068532322,0.295019147229064,0.154412094038603,0.323141661666944,0.232959033883089,0.251816409326962,0.21259909113649,0.145382198102755,0.00152790310956241,0.0461097367414099,0.0631340051304634,0.0456355641640018,0.176009396325123,0.123012503214086,0.149130704464411,0.0504623595318128,0.190026818863342,0.122703228806714,0.121989311637506,0.147743257264251,0.107766994082565,0.201396836037984,0.227781210680859,0.208852537026078,0.36346113181089,0.123815420568713,0.132692157157313,3.14695719955521e-07,0.109193197526332,0.203703884597399,0.0504369328399832,0.0267924117324183,0.195294670582722,0.153749745220899,0.214236498413758,0.192096249460285,0.0514029583233631,0.145737321117419,0.163397464506018,0.0626200801872777,0.185413551551801,0.226105536536561,0.174252153412023,0.152689622064296,0.359177042161239,0.105226579665291,5.20652164032596e-05,0.0973763047691571,0.189522719519055,0.0823450922612488,0.123603581038107,0.133258565643231,0.344749124352774,0.167709140046365,0.126475592787385,0.133837554973144,0.200315604979669,0.282803764880468,0.0893612847857774,0.19166111059588,0.254081969378019,0.194425989329232,0.204362813748759,0.0878905029051194,0.212018310973751,2.0362880603058e-06,0.0277808695186473,0.0670808708174756,0.0909976593626093,0.0452458829376507,0.15851800447747,0.0137400493247147,0.192730214279311,0.203194322002035,0.213034047710241,0.186918067031269,0.215905971882611,0.162861041385093,0.0786566319163658,0.212028782600279,0.400111002158478,0.293737754801273,0.103829550442793,0.0244297423555941,0.0367321873708074,0.18005757875084,0.0567299945240291,0.0816891783883507,0.240186581757648,0.131970623920545,0.0754420167475296,0.264318911950628,0.119546933672954,0.157719473088628,0.000435008455087829,0.155191435215483,0.277124313146826,0.0969801543534226,0.141211655642783,0.344823973184744,0.0814633897379428,0.121553481370751,0.183258244997175,0.128204035059973,0.0951374433425872,0.0581642044354788,0.170132771007142,0.0107550795612814,0.115117855860142,0.0409266041424908,0.0916779881871467,1.11210531793322e-06,0.149279741795996,0.182833459228459,0.231262799454057,0.408448548692027,0.403533907329983,0.0701397426561785,0.179482602309199,0.0953333046765629,0.167940619770647,0.0968010928496686,0.0339480561676998,0.084919827758199,0.0493664113674447,0.202814519363277,0.16090326602608,0.0692645621599956,0.0356346549561065,0.13914661390082,0.0746006828152638,0.237392606569548,0.418299067167506,0.25043010247637,0.158399710678715,0.12084274563851,0.0391893822898152,0.089581693387264,0.0317422482800129,0.178241205633054,0.150831968544007,0.248276718489305,0.326796465372925,0.0668763603114483,0.0329358061688307,0.0659421530207095,0.182408871483935,0.200233431065342,0.0862805725326154,0.136839165524342,0.211782515631769,0.29629135415856,0.217591993787317,0.0573459647068029,0.102212519612557,0.184306904670309,0.0469474692820768,0.0757124485454024,0.135386412300109,0.0747103914905692,0.0539576717133029,0.0909479784530339,0.00878580220444014,0.0958195641491181,1.91741983360091e-05,0.194001417912766,0.164307103133112,0.129665913777661,1.95256201302956e-07,0.425778661571468,0.255295601431527,0.0607588294817902,0.997583731421423,0.160094974989298,0.0779226789138517,0.119948558946208,0.18243706580482,0.0616727767480518,0.0250599917230087,0.113823238351662,0.10618909723591,0.13729863230879,0.201396293322181,0.0922917407778799,0.107689912827164,0.0733949097921232,0.16927744345927,0.0694363774876757,0.274892555522077,0.161141507519831,0.148296379952938,0.136111712226447,0.137870691156642,0.140086964623477,0.0113767432184772,0.0362971602129669,0.0573084056829368,0.159788087337661,0.165975508627297,0.0597557617319953,4.0097862607434e-07,0.169794809083146,0.170588428984545,0.05819993610719,0.203436720992867,1.38769226944572e-08,0.110248604441067,0.107471656007818,0.0617537506852547,0.189361199588704,0.246552181745774,0.0236558773266454,1.84859312063233e-06,0.122145589985608,0.113096162889678,0.193289357261788,1.09238615114757e-10,0.0513770551582184,0.0582046655142799,0.0779777667509575,0.339767433012469,0.142317124249044,0.130910941055134,0.294018654337691,0.191682313409358,0.1710623786283,0.102083935788178,0.029962927514834,0.0755101926916594,0.0597267131098823,0.31116870291788,0.000353275022042881,0.108833339676459,0.232308314634867,0.35704094826405,0.23772605475549,0.148684827740525,0.124119149645265,0.107020301144325,0.0658287350272253,0.139543175331763,0.126456055381418,0.121376584758907,0.178604759673503,1.85319114043156e-06,0.0860413499961734,0.16296825077058,0.210662602461183,0.115307563193285,0.0700370801792348,0.234663371409813,0.108139086534205,0.0260035633988604,0.294385985842062,0.133143161173938,0.14289907320805,0.0904190572107169,0.315745258848936,0.258270552321166,0.122171982011197,0.125649244154169,0.0707633094061086,0.153406360571355,0.135214105064882,0.283477913561652,0.21010789503109,0.148960033850945,0.114489517383401,0.137582384457558,0.168884916770958,0.134745415371346,0.106666427184602,0.150132428363296,0.185751011538911,0.020505793841569,0.147328598952294,0.157338581092154,0.0236157596310132,0.175537904830369,0.253851335346194,0.189997326913166,0.205507251536324,0.126430831993662,0.161721687728934,0.182830189006751,0.194783866860163
T CD8,7.00183678863056e-07,0.000149749482630251,4.44872447231262e-08,7.68302943244289e-05,0.000131655452903508,1.58915630377802e-07,9.19154967941601e-08,6.84027467455805e-08,2.64306796534924e-07,2.23402230942343e-07,8.05183710354362e-08,6.72103152810047e-08,0.000272654384465938,5.84059116597132e-08,6.46829793994882e-05,3.20319197749738e-06,4.0068694987916e-05,1.93354074328663e-07,3.53845653262305e-07,4.78940149164597e-06,5.49057015496267e-07,2.09338940591816e-07,2.45061064386686e-08,5.91086849021857e-09,4.83499542496238e-09,6.68564477812259e-05,4.52030800781697e-07,2.07047377005704e-08,3.24176365802243e-05,3.37336261545505e-08,1.32104918858085e-06,8.61622374312771e-06,9.40311886403823e-06,0.000225468230800426,8.29115013126606e-06,0.000551840235114012,3.65095354061118e-07,7.12802693814394e-09,2.43167528628511e-08,5.91197127296167e-08,4.1419889894614e-08,0.00567594277399451,1.88629121695321e-07,7.59329486849799e-08,8.36157526825144e-09,2.4101441179712e-07,4.27276103012862e-08,2.90448041213542e-07,4.76336384858639e-08,2.27671770954859e-08,9.07838901613974e-09,4.61460008175293e-08,1.81764391698846e-06,1.62009727648391e-08,4.62443240873442e-05,8.78516953802264e-09,0.00216936129105809,9.34325744185356e-06,2.81008060103617e-08,1.8655592888619e-05,6.06958481522509e-09,3.47218532957027e-08,1.82559851670514e-07,8.53248951176109e-08,1.06488383822356e-08,2.78409699421805e-09,4.15606893038165e-08,2.00985424162837e-07,6.38572276909781e-08,4.97544197928335e-07,1.2495617124565e-07,2.19323854637505e-07,1.13435523186257e-07,1.95277067179473e-09,2.53076453525435e-07,5.43750274010581e-08,2.71525049401059e-08,1.15688416013261e-08,2.72740998484224e-09,5.82254117401911e-06,1.81604895088232e-07,6.76650589467323e-07,5.73669115875287e-08,1.77824002029862e-08,3.76733804854291e-07,2.33283517581596e-07,7.0667838467589e-06,1.44209165347576e-08,5.60459995629645e-07,2.47030745159971e-05,0.000225457719168221,6.06311857211155e-05,0.000977817761845,3.95413207647124e-07,2.08373961615425e-07,4.41810756359642e-08,3.5791262512134e-08,0.000101498762148209,3.8812311859355e-06,6.4083673057506e-08,1.18699574611352e-05,0.0220131781203234,1.26429508404269e-06,9.79346432473391e-09,5.63243480640953e-07,1.78217673986839e-08,0.000330638885218017,3.60505303934972e-06,9.40207272725195e-08,1.42266039622743e-06,5.01032409533281e-08,7.98463457913029e-08,1.34595314503602e-07,1.23334270316688e-07,9.6634816754662e-08,2.57974374377287e-08,7.01247964674213e-09,6.58472053355941e-07,0.000244010638388601,2.20564656959661e-08,4.93521855749935e-06,3.26093740676545e-07,8.24532289955089e-08,2.45930517618902e-08,1.97967209860456e-08,5.98990348212537e-07,4.81900899356909e-09,6.70156977685997e-08,4.38606792758548e-08,4.33800751123941e-06,1.26288632375021e-06,1.11431151414183e-07,4.5351329003974e-06,1.74843198792061e-08,2.85245635966516e-06,2.04551103204167e-06,2.58536569184619e-08,1.59842816748605e-05,0.019350792258432,9.09920565030902e-07,2.08491124567039e-06,1.96462248331436e-09,3.74274914798293e-08,1.71020390366661e-05,1.14283022141695e-08,4.58752711582093e-06,1.27983706632791e-05,5.50535637033758e-08,4.01607409862596e-07,9.43585164255921e-06,3.68832638027862e-08,2.43661951357997e-07,0.000220042859377646,5.90949971089043e-07,4.99889530805198e-06,0.000102764471422217,4.23828487729064e-09,1.12100596557568e-07,1.68476455880288e-08,0.000295181677973055,0.0186105291348162,7.19658202938023e-05,3.32909906469001e-05,2.01156218420627e-09,7.55391979413172e-06,7.93729362185938e-09,3.08152524902043e-07,1.55108094492215e-08,2.62427924277757e-06,6.90371229705711e-10,5.23658238640535e-05,5.38560299263281e-07,2.50817561000148e-08,3.75102085719982e-05,5.59147651282507e-06,2.649964386859e-08,2.07193229787015e-07,5.94230616375005e-08,3.23124770675517e-09,1.04832700991537e-07,1.35350370667926e-06,4.33265947889249e-07,3.13258283010876e-06,5.82587607783136e-07,3.63000021789415e-08,3.22193804942437e-06,0.00028202330924411,8.54678100722137e-08,0.000720331209893904,8.59752540720732e-07,9.69254573024413e-08,0.000760249834316755,1.76198055307601e-08,2.38185862408871e-08,1.41449500370201e-06,1.02606555509701e-08,1.32496287883793e-07,6.01290719783998e-07,6.36382040314441e-08,0.000189411799460795,3.82580948295833e-09,7.13822836392613e-08,9.42475521759783e-05,1.09372836241026e-06,8.77440235430951e-07,2.06563878007176e-07,0.000110479552741419,0.000258429072136823,3.09726694088753e-06,1.71122715283857e-08,1.56349817684455e-07,7.92424085119281e-07,3.62744430136417e-06,5.29459998296217e-07,9.43596524321279e-06,6.66130922897459e-08,5.63129848783795e-06,5.34930871697206e-07,9.32947535209886e-07,2.6734584756638e-07,7.43724658991911e-06,1.45115394779337e-08,1.12897055075642e-08,1.24090110287924e-05,8.50841720918408e-08,2.27664959646806e-06,2.93574813480295e-08,1.4516898575238e-05,6.19065720169467e-08,1.43455988608959e-07,3.47303479931519e-08,4.02074483624375e-05,9.42109935863077e-08,1.53176578695323e-07,2.89531789301054e-06,9.98407476449495e-08,2.55170088433721e-07,2.0420072904626e-05,3.44942923770823e-08,1.6057782276558e-08,8.34433310551074e-06,2.07283499036383e-07,3.06165357013067e-05,1.15426533229971e-07,2.25201380163969e-08,7.95830776166671e-08,3.07055953794816e-06,9.81150383181728e-09,1.63189382827838e-08,3.69779743586408e-07,1.72071209109671e-07,4.59278368943011e-08,7.11344034707603e-09,2.51329345447294e-07,0.00032523500200415,3.2562734752752e-07,5.22408740150118e-08,1.23046194284619e-07,8.63324494271251e-06,8.04422806503536e-07,3.49170671597714e-08,1.50374952448229e-08,2.01891912975365e-09,1.51972626280205e-05,4.35049699658634e-08,2.57779072414463e-06,3.92586796333025e-07,1.74560065209732e-08,9.05484599943857e-09,8.24361888197191e-09,1.8538140342023e-07,1.45517403282267e-05,4.64748838005695e-08,1.16407456937804e-05,1.67542957665727e-05,4.00934278712467e-05,3.25084239252056e-06,5.50105446202846e-08,1.96132435408931e-07,8.0324527105032e-08,1.81992730290729e-07,0.000201778950348064,7.65552601026881e-08,1.79257932238107e-07,1.73343019766822e-06,6.40987181251458e-08,9.23067597719808e-08,2.40239021602602e-09,3.42773410026103e-07,7.808456127662e-07,2.26507216075422e-07,1.67250072318564e-05,2.20553295177953e-06,3.05185456745463e-07,1.96609912527346e-07,1.55817464796966e-06,1.31477024885485e-07,2.65530919560257e-07,9.72063982995932e-08,0.0017582992664184,5.07370554985266e-08,1.69018744148052e-06,0.0098191161605279,6.10062641219174e-08,1.99820652669631e-08,2.14933671130644e-05,3.7816428228884e-06,2.48213156234101e-07,6.72291137165728e-07,3.31927888727845e-06,9.44223767162399e-14,0.000243242025445265,3.67946820287614e-08,1.05821575201126e-07,0.000246305491670459,6.78960025454047e-08,4.16446741360017e-05,1.2735889478867e-07,2.67835900841098e-09,2.39442630287863e-07,1.16877816449147e-06,9.12181783471922e-08,2.39308917274771e-06,5.21287670902924e-08,3.00197843055522e-05,0.000260599128053417,2.10810710957342e-08,6.79005434377909e-08,1.80982404032009e-07,4.65796506515385e-07,1.9483966750239e-05,2.78556099784593e-08,2.03797746185738e-05,8.617773462875e-08,4.29359219253636e-09,5.94928335513388e-07,3.70702319505603e-08,2.4340596773541e-07,3.73689584107176e-06,7.21977049550092e-08,2.36548512848179e-07,1.17129563062232e-06,4.82730188398873e-08,4.58198756182185e-07,6.41111242356881e-08,4.51752862406327e-07,0.0836723026591147,0.0232803390366646,5.13350622466564e-05,7.8045157943119e-05,3.53034140223739e-06,6.9021424781274e-08,1.73653528136877e-07,2.47082680777068e-08,2.28956971240016e-07,9.21758073949392e-07,2.16156691307653e-07,2.1424156096227e-07,2.09606754236697e-06,8.97381726726762e-09,6.35449501608676e-07,1.98734251998857e-07,1.27104372398655e-08,1.60417404186279e-08,7.90682264967661e-08,2.71093618873926e-07,1.80297821036188e-07,3.06225819981051e-09,1.38213139240905e-06,3.21364796135163e-08,4.12577297289584e-08,8.12708757779211e-07,2.50121311510203e-08,3.63521079860816e-08,2.63147225144939e-08,2.93663968086764e-09,4.03998745090998e-10,1.94489199133298e-06,7.94390346916175e-08,1.37618959841348e-08
unknownCell,0.638181782468974,0.681020315361198,0.590829220427201,0.516418876274358,0.589680421167705,0.449415008433724,0.368646674726427,0.526281264714158,0.581696469761398,0.612851595297082,0.62380858653821,0.581538487795323,0.541871317218743,0.500575392958813,0.549790029368962,0.54006764229214,0.501258108248122,0.605760859347459,0.555192278708908,0.601917056711135,0.682093205717622,0.660900745860601,0.551250123765957,0.6981937945927,0.479590148293498,0.375851090787991,0.521553178770577,0.6646826407301,0.541073060954504,0.585415195518335,0.525089315328214,0.581231288538904,0.471923445381053,0.632819251288422,0.639950469250957,0.664869769577107,0.348186314206069,0.314450904436386,0.492142626693277,0.404771896805602,0.582421288024241,0.605724909526024,0.692863980955319,0.627268252485051,0.708577991736475,0.660849511233115,0.616669933051687,0.610314688915282,0.758476375877225,0.44192591959063,0.40948602445881,0.598787539135269,0.457513146346079,0.626073726178188,0.60131747605566,0.519334705490531,0.606350359769253,0.702436192694047,0.665024725342286,0.650248952122156,0.657383872937579,0.707130589227552,0.780059613860904,0.569455686530144,0.520211965470518,0.151394009018489,0.306651820370997,0.535710932249707,0.673916901252818,0.472532354822829,0.624211419667534,0.699790962715658,0.695042664651488,0.646209934714228,0.786105993482709,0.671520147761634,0.658558401100852,0.585828562692507,0.695579526863138,0.618073650481029,0.477660320041938,0.470209193886581,0.193587988169951,0.137501657956443,0.658727926363199,0.450546629670405,0.500785165592758,0.646405063994847,0.647961830177649,0.653018145600258,0.612565414389045,0.687135606401557,0.524368757211541,0.76615286971651,0.576959297846108,0.564446875677113,0.691303271917631,0.484212629383378,0.609142803539023,0.260648705554804,0.25711455415999,0.524397234132878,0.564468752045723,0.47891634862773,0.722554310250554,0.771723131660747,0.687937651459736,0.735162205908899,0.66493360272493,0.706467537267441,0.635457151118036,0.709316990964149,0.7610728494604,0.681705745320001,0.643213567888933,0.514462418500294,0.351079677231103,0.571150639800072,0.336214987798349,0.66201465487584,0.565512234572025,0.414676725804072,0.705402720261887,0.649127664666288,0.790929383226709,0.760484964819075,0.60340515870772,0.701363553391345,0.648699492817594,0.658586033741589,0.760834826649369,0.70983074818458,0.417037367038918,0.719884467977553,0.380340195356523,0.173832457212238,0.324978895606969,0.626132512969861,0.401970812533503,0.529990962231528,0.282947644397449,0.75086891195451,0.660929664252722,0.730201232848941,0.729143134255721,0.744024231855401,0.50111955013637,0.664434950985082,0.684001235148728,0.681269318968917,0.588053498319529,0.549342107194867,0.69468697860355,0.56371536627258,0.212052835305919,0.0750171330890772,0.359707974277885,0.594923411044813,0.395386327857737,0.172370406128471,0.760612774232197,0.801717347758979,0.711210098283351,0.754738956741465,0.751403111956927,0.759658034631018,0.660636065521421,0.604248780300595,0.505641561908726,0.587176439591716,0.541805077985763,0.67528385382946,0.505868018533506,0.274919637894969,0.359810916804083,0.302749104921346,0.489901833740249,0.325701399496928,0.784599560048481,0.671783073258471,0.836816804386692,0.768329192710912,0.660125909823744,0.684686368634738,0.76207421717547,0.44704118546701,0.66461324543314,0.567836589049592,0.659954614460451,0.591412226512196,0.573901115255327,0.403969560083711,0.636163876303509,0.388593405352357,0.71914193530911,0.572986764933937,0.671432233176498,0.763319760188237,0.804073796274601,0.755047408612161,0.670560094207424,0.709971559661653,0.604173087879531,0.700320229861204,0.483325653182684,0.786956915330051,0.690524249978447,0.580680208911882,0.356027244395935,0.449349084986113,0.343524005246009,0.669106147839409,0.648675587583564,0.72205306685239,0.710201783723018,0.708067906415637,0.796067693391912,0.679625795404091,0.809809862172725,0.561260232874166,0.604444902394623,0.65668808478859,0.735500893797063,0.656397388165377,0.752691878316554,0.426522593646556,0.238184365900978,0.417438162333664,0.563131524158332,0.682118240106678,0.743727859229596,0.744674729070576,0.739013919532668,0.699365552698569,0.687088062708481,0.620411828441796,0.443124733418684,0.546704924639021,0.622211759406659,0.681928526753231,0.628745923327089,0.666130451930325,0.725280640575307,0.703682727196892,0.552597698070299,0.506735354383204,0.581834910571235,0.696413708199656,0.696131169408516,0.496351652810968,0.729297365329677,0.774553266313958,0.732246711061775,0.694502666239542,0.731855622578098,0.590129443281159,0.383051338696147,0.641534653911977,0.700706871732909,0.648338295407805,0.737029126390384,0.546987688877553,0.788579689930224,0.22302198220724,0.581267735550642,0.705074215148376,1.22429889781728e-07,0.67272956237323,0.701384078932937,0.712312294828185,0.581947369688165,0.674053957640485,0.655368224913631,0.607776679426771,0.71855429999081,0.666200272413817,0.612949713692156,0.729997425080589,0.688486025651042,0.706378372425505,0.657702136509954,0.312694238152545,0.349391084099229,0.648346194130277,0.710146506054473,0.709567851970072,0.611982106671342,0.685908793771034,0.818621643604323,0.612743972982069,0.688314645378193,0.579819411982941,0.695490460698625,0.724986815972719,0.745031539814813,0.677461432571801,0.595405319016603,0.0568111996479697,0.273292065141963,0.770383990081313,0.729439679321914,0.738073270784941,0.624108968391145,0.656781385821355,0.447760816610851,0.635563897267955,0.705560156670033,0.588896810483579,0.642947341289887,0.65605371500952,0.999999998556414,0.510871401675758,0.312109286138991,0.356447736009132,0.515147945844143,0.677227952428179,0.736382603652931,0.515789250276644,0.659595533065549,0.440244961773563,0.514252272970288,0.708401519423715,0.69102946374786,0.572443572957887,0.682138332460376,1.03786632257297e-05,0.395298063707006,0.259232124339025,0.516337772601975,0.533287393541725,0.636649246287844,0.727566444625944,0.702740873591067,0.58654934811507,0.590962669283063,0.612991611903723,0.544843557056421,0.49996872998449,0.523823252487003,0.536378698784006,0.655535294963239,0.412531669673258,0.65481961082258,0.771667611074765,0.61486705624144,0.674261083598135,0.533472377845871,0.387940227365358,0.519544193447211,0.581026021758454,0.655396626907545,0.273948510754866,0.342942797888031,0.662693049968747,0.762345866868209,0.773068006229003,0.653382817226355,0.613088689469362,0.462667418243467,0.597264373295273,0.595631922880161,0.611816715478744,0.484881257782789,0.597013726235778,0.683680927018932,0.730120679023665,0.702525133274746,0.620576522333967,0.560431873789752,0.583392763781304,0.57414464664111,0.71134084748172,0.683257784407986,0.501643513983338,0.685767461126148,0.65275275352226,0.739334400086939,0.629456889426526,0.552960094144304,0.575748728239988
M1,1.43325754182523e-08,1.74659659425149e-10,0.0867451446758963,0.0585283479210141,0.12279704253173,0.0654156430334301,0.0762903231788477,1.67485320728315e-08,1.07133287327882e-07,0.0419051705791557,0.132757162721264,0.115396671303712,0.0607473172288477,0.0323258446869097,0.0902941863703548,2.02149084702346e-08,7.60199997171415e-09,1.86130137480195e-08,0.0993626801135666,0.0765542721406575,0.029245646779799,0.0714091300071588,1.61847371207054e-08,2.08675583321049e-08,1.13608211048991e-08,0.0623509851036489,1.93384988064047e-09,1.09945673862009e-08,3.14226309611191e-09,0.0530840420048749,0.160548453030704,0.0839831683628587,0.0317598029074359,0.0690614926018698,1.21512813404109e-08,0.0863320792259618,0.0228725517324455,2.18772081672856e-08,1.2062723952576e-08,1.55543327004833e-07,1.09178968108612e-08,0.0900214246647467,0.139150039965012,0.0796546643361126,0.0175593697876743,0.0765297461858657,0.130425891724532,0.0835759780240822,0.0258245826127367,0.0448336177203909,0.0387648023627485,3.83594440212552e-08,0.0899109103309252,6.08284387833205e-09,0.0998002752780485,0.129791921055109,0.114814846839114,0.0128431346342112,0.0397349322635057,0.0895543864976982,0.08428999609602,0.106992304959446,0.0288739845838937,0.0299683619217879,0.0293087674281333,0.0583929157262028,0.0436304330242169,0.0447385965787997,7.73663024651284e-08,0.215139747838313,0.089567103663316,0.0357216369495874,0.11629072607045,0.0563439451428051,0.0367098553140632,0.0185817996391788,0.0656668797357032,0.0417698716735139,0.064882889911986,5.39733327588144e-09,3.25435413093925e-08,0.0177550798286159,0.0516967829509702,0.0122802526175612,0.0348234639637013,0.0296786398013711,0.273583164659442,0.127138902146795,0.0245968513804098,2.94227219709384e-08,4.28879813624452e-08,3.41393354655692e-07,0.027328165584429,2.21350103499468e-08,2.15979696459743e-08,2.86526209945644e-08,9.92147276445953e-08,1.20181980418369e-08,1.16657928131519e-08,1.05059987273403e-08,6.72751727851876e-08,4.15769373971626e-09,0.0104908849231949,0.171499741226031,1.37656371828911e-08,0.0794703455400983,2.48142769106385e-08,0.0293291887385826,8.80592534060256e-09,0.0851828087525826,0.0139248424117217,0.0331217621323591,1.45703281558632e-08,0.0325916149085274,0.0154322276151606,9.43576540717705e-10,0.0747687735764751,0.0294235145269088,0.0170342997314379,9.90000603130377e-10,0.0427858736864088,0.12455615010465,0.0428314905825038,0.0264571588955832,2.51942298067464e-08,0.0803654894986294,7.74018097706712e-09,9.7547656227278e-09,6.76437453699352e-09,0.00558889855073339,1.73555295144846e-08,0.00787663169797951,0.131897807064373,0.0214100779290266,4.48975129346923e-09,0.0155755494071868,0.101996264152712,1.06281684920173e-08,0.0634007291758733,0.14954076279482,0.173363980012119,0.0512526862832067,5.75496154065701e-10,0.017262050615998,1.94975183673235e-08,2.26984932528789e-08,0.0210476184887686,3.33128357934829e-08,0.00134486602027315,2.74566290867111e-09,5.61347069410032e-09,0.120741175339247,0.0170952914202623,4.24259401204705e-08,0.0674231340292136,0.0481594925803294,0.0572023248288884,0.0380435195895804,0.101221430864779,0.249992070214805,0.0066102476074928,3.80985130440361e-08,0.0105705267449994,0.0056011344390907,5.97234246298561e-09,0.0483480389650056,7.75123366788768e-09,4.50655230102313e-08,3.55461633672502e-09,6.23498588699067e-09,0.0395537133657863,0.0519080245274857,1.57616279836381e-08,8.30018946238971e-09,0.0216800838470886,0.0245192365298795,0.158214883185485,0.0964639132402385,0.0330293390633299,1.73395219503018e-08,1.80503184632532e-09,1.50311925839632e-08,6.25165940214804e-09,0.0490599847243246,1.03075662499206e-08,0.0890623833198178,0.0336992330471372,0.0774403740555313,0.206830928162784,0.123315154983082,6.9771002914926e-10,0.0059242662114706,0.0147125583423027,4.10319817277253e-08,3.18322337205747e-09,0.154064513659958,2.71734112474875e-08,3.54969525344328e-08,0.0170792147333456,0.01394246937022,2.05176211714781e-08,6.42587305377836e-10,0.0383558770384068,0.0536386805607732,0.153970553694333,2.52004861415851e-08,3.51375221383167e-08,4.52977733970055e-10,0.0472326574706017,0.036101214040801,0.060359530206287,3.6171483143345e-09,0.0863524860871393,1.9123488916578e-08,1.47553748931335e-09,4.81400872100329e-08,1.79764213642752e-08,0.0556922793975523,1.04114975512015e-08,9.86784772091169e-10,0.0395064326486738,0.0282788208577173,0.0755543268568649,1.05774806964089e-09,2.77188838477789e-08,1.70779550361415e-08,0.0312357466762328,0.0238011107247195,8.42795089436256e-09,2.64849284094719e-08,0.0164333575349774,0.0270494518628138,0.0905920086432417,1.73111414698039e-09,3.49827025185438e-09,0.00445523668415059,0.109073798522623,0.0946244366192629,0.100950077937459,0.0227704280462971,4.11352062941982e-08,2.46616787515728e-09,0.0340195481896113,5.76258997225831e-09,1.75844425273661e-09,0.0271480118767474,7.1044536403307e-09,1.27865459837316e-08,0.0295550550457352,0.0904485650842081,9.55692006723286e-08,0.00447590523737966,7.99475830355855e-09,0.103992343743376,0.0118262429462464,0.0671384165914439,0.0311550650431596,0.0792662957508904,0.0401728455741583,4.74203878879744e-07,2.61120582778182e-08,4.02623521818692e-09,2.5788270620355e-08,0.0770609374665239,0.0234837555253723,8.71040962564016e-09,3.02505921855898e-05,3.06923663881488e-09,0.00236242523893059,6.77581080141427e-09,8.27927687838406e-09,0.000168835917174471,0.0418189872526388,0.114008813624561,0.0433232398580411,0.0959469234877824,0.0435056852250623,3.5879622797589e-09,1.48116949641121e-07,0.062919674693735,1.1392965457362e-08,6.6977627439254e-10,0.0392395383512402,0.0484806418792966,0.0443347031448474,0.0341405962721726,0.0395320120221637,8.75077149377665e-09,0.0236522400599157,0.0481583543178247,1.1544765689142e-09,0.108114410137547,0.0475557986823942,0.0128484353157787,6.75505874670106e-09,1.76572869683051e-08,1.66985637804416e-09,0.0151099811581095,0.0962408068783297,0.0353928175367783,1.62681486439797e-07,6.51187385103355e-08,0.0236484358184505,1.23156062859518e-07,0.0839237172925211,0.10847471541162,1.22046688066462e-08,0.138323985793777,0.0757728982021142,0.0041893649282959,0,1.26676197933561e-07,0.0151620638713652,0.0121229687041099,0.0558119737766237,0.0202316623405227,0.0067156272807208,0.0895383066424628,1.07571115194087e-08,0.108035309864034,0.154653322763572,1.32319353905798e-07,0.127499574638456,0.0845912404427861,0.000568504790103978,3.25660371517176e-13,6.02152199584872e-09,0.0379651043545159,0.00539843176776903,8.05670218043237e-08,9.48309319644552e-08,0.0136729615337397,4.6923707670892e-08,8.4032058807469e-08,0.148828317822506,0.129920317872486,0.146909793354421,0.0937657088501166,7.60298526051307e-08,1.74811029460509e-07,1.08218445908976e-09,0.075739953425106,0.0392229670443948,0.0265910905002546,1.06252423887719e-07,0.00407846123190538,0.0655215796471496,0.135404888163539,0.117440639458402,0.0623862017469141,0.0657406393580455,0.0631980551407394,0.02096241305439,0.0823546386513533,2.32695757178731e-08,1.19397187428551e-08,0.0228412542945614,0.0055295640001871,0.0385030814413873,0.0818917525157396,0.075009913749196,0.0216048615141677,5.50347084234885e-10,0.105985111954566,0.0538006945946796,7.39535925580678e-09,1.44878425432343e-07,1.79514621739663e-08,0.090464303404175,0.0297260609255806,0.0862898879039531,0.0439066506117832,6.69899479198382e-09,0.0498798129450156,3.44757994494655e-08,0.0253789222700153,0.000989843604185736,2.44100834075017e-08,0.102215622716364,0.0240919278299108
M2,0.283864366139741,0.185519663646397,0.185701356889951,0.225578124045987,0.216587871492298,0.198097637303477,0.248608266825816,0.259014100554606,0.20269300376099,0.224519209975737,0.175193979709787,0.209298373439327,0.225896171404545,0.239711567364028,0.145768154464142,0.111266778141629,0.262071315114483,0.216822912138517,0.246841033390383,0.224164876336342,0.234690553380905,0.149631887725686,0.258460339641236,0.250107164603997,0.0835762765331253,0.083661629344111,0.121249730694196,0.170770061685717,0.185985985072171,0.275089692851925,0.187899513634941,0.132296018722011,0.226574953918439,0.178251498080876,0.240695115706007,0.148427474048527,0.0621229886929856,0.11828711658871,0.174351027245371,0.162551283508838,0.190860598242537,0.270759533031488,0.148132146163103,0.125721599724905,0.147025655345936,0.137414061831886,0.209844338765966,0.101078830220856,0.0931678750378276,0.0688561624069736,0.103783149691009,0.120276694954776,0.0779485691958072,0.154721593549572,0.201851115229161,0.243922016778741,0.101638170813807,0.122091199373141,0.101989829561869,0.115793886475313,0.121469358104445,0.0786176992211054,0.181121046456785,0.0786920584762644,0.113765339397448,0.0553395623747435,0.0717456683992284,0.148353766903577,0.235833922922231,0.181270755146214,0.16283571602604,0.209035665817864,0.111903389052011,0.0896292545569152,0.107653949539279,0.0924470080434211,0.150406449362767,0.101205792867012,0.0953094392965204,0.132591686273286,0.10011143669373,0.0702580270501204,0.0517119908714223,0.0122802526175612,0.167159039186433,0.347970373471345,0.17957285308521,0.0966656188706409,0.179962719760316,0.144802986761946,0.144522503071213,0.189858453699328,0.0693562038229672,0.0511970048709904,0.154600551645401,0.0883211019865184,0.149841861943697,0.19254172528657,0.0516464207496864,0.0710151095860025,0.0838051556357522,0.210375599177402,0.346731319589464,0.217038044945811,0.200359325965715,0.102842373025296,0.101236235907121,0.0926317680704564,0.0763409249951102,0.117395879430178,0.11403810878278,0.0468155446359974,0.107764242310863,0.117361750126686,0.0645056493745665,0.160003627682612,0.0757962467698777,0.0689122004163603,0.0791018303133029,0.13961098117166,0.256389411656633,0.314197969906745,0.110991013249725,0.102243225568886,0.0759423630053167,0.120694172725146,0.105567196125143,0.0817216136665045,0.0720264734268785,0.0960774846976923,0.159252961911377,0.127940835461102,0.223762159870563,0.195809595685457,0.200115743336183,0.0155755494071868,0.00118024541137238,0.0825943413886377,0.0951725312953331,0.215108709786408,0.261040526540216,0.0655968840798831,0.113421752971078,0.10333611019662,0.146059350302079,0.121445892287873,0.124748143745241,0.147439021259076,0.11683503380756,0.122063548781212,0.184291509084775,0.0469964325634308,0.130721828272843,0.156445606821115,0.0169161282970771,0.0183601435640163,0.0530191714142466,0.0907067183812044,0.157118259963008,0.326288056743352,0.133188991465351,0.0666673133295086,0.0802105640969398,0.124014207183021,0.0687118130661538,0.127136293628083,0.13882048460243,0.142380345461977,0.20303487510123,0.205083505172672,0.119933027431125,0.109820612621605,0.135352407209998,0.0765454160644154,0.0216800838470886,0.0965315497018438,0.0941657880331515,0.296745865626977,0.127642293417442,0.0933365983719653,0.0799721591405528,0.128701292777693,0.0947043867907219,0.134184718960661,0.0980607992730392,0.198506757267392,0.181666522446325,0.18149707530386,0.131528614315261,0.0889621712261765,0.0615685468075792,0.0847965033109569,0.0541295748519372,0.0730488262788223,0.0592032263949816,0.105353993986754,0.0914679453879234,0.0965335145319173,0.083483115997396,0.172431529874181,0.0680729960639178,0.166292705558737,0.241116708484253,0.146916176468936,0.22012746416696,0.0899584834030066,0.151667478920414,0.0901927088858793,0.07171397005202,0.106079513861456,0.0634578429530035,0.234275977191218,0.0693693683446585,0.154012572543417,0.121779462764759,0.0904206831921635,0.129337606674276,0.166080307392873,0.0825950458039989,0.174196139833947,0.119325065786063,0.194392274691986,0.124237782169527,0.173754700581795,0.113643845771823,0.0977959836951685,0.0402866905303796,0.0238011107247195,0.0557525522770971,0.177986691183831,0.132970098979743,0.13751166284365,0.0914907502732303,0.10382440031913,0.0648254682402443,0.0954421779603539,0.120560082777738,0.150376633664684,0.240693171761653,0.183973690903619,0.149011883010916,0.0912228876427234,0.121762225302935,0.0530646929652322,0.121973337971316,0.0295116627285611,0.0511672814634632,0.22130250600809,0.0898604918435238,0.185729140333394,0.144944150530208,0.117413122336394,0.0889171185303023,0.10884060546529,0.184478097028422,0.25176341459457,0.44173845228428,0.113535252546227,0.14637095181456,0.157582104211443,0.0781764193824467,0.065344655756899,0.145827644115292,0.0648907152701545,0.0774314797865912,0.183573345553849,3.02505921855898e-05,0.136155568859886,0.114274938105828,0.0520371174300745,0.201139010427165,0.250644218049143,0.198823302788625,0.134444934227163,0.131268788131836,0.100291116912515,0.102183770323782,0.154505326488939,0.130591173276404,0.0849644150968099,0.169831911181634,0.0616979559639455,0.0907211428743371,0.107715139764043,0.0689667208162223,0.0784429625131026,0.203362929609489,0.0955257862608731,0.0236522400599157,0.267619440642312,0.222960076761954,0.129701889823586,0.088332474151456,0.0128484353157787,0.136420616275138,0.107679895919043,0.164418899477181,0.0151099811581095,0.00243104867955222,0.16034685682113,0.0807833440565277,0.103459490432841,0.186987388252288,0.146219371366814,0.206641823451653,0.209258655537499,0.262590023536649,0.11238948138866,0.16054745836387,0.145926708513049,0,0.112000889558451,0.0151620638713652,0.0620073732744398,0.0411374392170459,0.109750821389216,0.111711453239899,0.100604692944454,0.148709178761944,0.260671824977329,0.223524074953806,0.215738473514898,0.105940454258182,0.28148772899225,0.000568504790103978,4.7497748111321e-12,0.0889266221840503,0.0516541358042164,0.0667737669142003,0.129353725623764,0.128452016805612,0.131139296032047,0.18853547494889,0.267021564068325,0.109803817047496,0.130164620289435,0.186759359716607,0.201410036936547,0.476054072310769,0.112063178803507,0.149925377580371,0.0611690995196688,0.074598390511931,0.0765819321943244,0.132940960092558,0.158394498974894,0.207831313921909,0.146462114832344,0.159578803347865,0.211663074857061,0.147298375876484,0.0755098852677731,0.0546587800484823,0.114883684937971,0.0870314932543039,0.116632780114566,0.166515188476334,0.23079126146572,0.162626518262459,0.102004612410083,0.143920034213642,0.09776890081232,0.0913379950784895,0.0951245574757304,0.0847633578887872,0.155180169891461,0.134209582394301,0.15256753358808,0.246049822445394,0.167966425409856,0.110863494757971,0.158845442290255,0.0744355146738956,0.124657458364993,0.0656244718940926,0.0975321915503849,0.077888437621214,0.172479264049851,0.161966805479403,0.189386703296208
Mother,1.0458751642517e-09,2.38251113282573e-10,6.92671642266163e-10,2.12322076587057e-09,5.02402148772063e-08,0.113523546163804,0.0732836970346682,4.66740240900876e-09,1.49649842240418e-08,1.87420312602882e-09,1.7036395072445e-09,0.00016732266135655,1.89469068212489e-08,0.195093957641019,0.159976145197583,1.26721655391293e-09,3.36799482747452e-09,4.97960861434166e-09,1.66594716910495e-08,2.76598305370968e-09,2.86435575258537e-09,0.00934304194211702,0.185269600371907,1.6794176049828e-09,1.714515626694e-09,0.0318022100068108,5.54139668873521e-09,5.51194251352527e-09,6.54049819859281e-09,8.09616018671022e-09,2.35832076089793e-09,0.027056413326558,0.0175689505050592,0.0350504030009316,0.0841252358122413,2.15703233330533e-08,4.5546830196308e-11,2.55419661809864e-09,5.56454857192357e-09,2.51113410620896e-09,1.12434106747106e-08,7.55150542097738e-09,3.81137360561112e-09,0.0974943373847433,6.13329381726757e-09,0.0340496703383188,4.09880868135204e-09,0.0502538347092454,5.52809514831054e-09,1.16290771456917e-09,7.57237106352449e-10,1.99917603305177e-09,2.86883905520341e-10,5.80949263695452e-09,0.0062549533686137,9.59684276491402e-10,2.11090311896811e-09,3.94386912017097e-09,7.42252037611024e-10,4.11161082958245e-09,0.0129686784506883,1.72870265324754e-09,3.61428523221186e-09,4.97939800503389e-10,0.00395035989446274,0.00949590334636091,4.62637747555839e-10,1.74869582703074e-09,3.64260797081073e-08,0.0648167546158777,3.00093633276433e-08,3.86941628738313e-09,0.0478213835650622,0.0414327796852893,2.61157451220129e-09,1.23370991200744e-09,0.11396240841496,0.169655660103712,7.10717618090939e-09,4.7383610368712e-09,1.32283156789592e-08,1.58661447868802e-09,2.75867551025044e-10,9.99999999999959e-06,2.75106498692779e-09,0.14342089458754,0.0353908026927668,0.0563747141989114,2.41501213471551e-09,8.19584511368987e-10,1.83074316817411e-09,5.55054182893588e-08,0.207889758639359,1.47824700674759e-08,9.61221102713239e-11,3.34109032107399e-10,2.95433665864486e-08,2.92585811134671e-09,5.60938070992556e-09,2.67958315258721e-09,9.11951952842216e-09,0.0978171509710324,0.0692160975328716,0.0860615047500097,9.46077916008647e-09,1.15074080264677e-08,2.29378055438545e-08,8.67387134340092e-11,5.36679624352221e-09,9.40268235494202e-09,1.02767855336694e-09,0.0246087054972174,5.68807549256034e-08,3.04206679291319e-09,2.03616115634908e-09,0.00520028315053941,0.00645562559554747,1.75364514576337e-10,0.02474816231986,4.58852755791384e-09,0.00246521402452854,0.145284948457536,3.62011395860229e-09,5.00899541289179e-09,1.89397206251662e-10,0.011261355386274,0.0212473039144015,1.07538701415999e-08,5.12600291380227e-09,4.52834388042778e-09,4.76597736276396e-09,3.27997651261569e-09,0.0638589325806867,1.18997006692823e-10,0.0110535589053829,9.99999999999959e-06,9.84660609992805e-09,2.89852586377037e-10,1.69335395705517e-09,1.0360085567207e-09,0.282218793224413,0.0296313853910204,1.7857644002417e-08,1.20298237066274e-08,1.80534448501746e-09,2.31443474107973e-09,8.71730326812425e-10,2.7145539677198e-08,7.87163648152678e-09,4.72451500144189e-09,1.37619601825456e-09,8.30983587496448e-10,1.1711279168658e-10,1.20514571100294e-08,5.83255624353463e-10,0.0101097479020798,7.94690979688539e-10,0.00763861989054238,0.134192295388037,0.249547162724953,0.0494326245661292,2.54819637612869e-11,6.15333634046422e-09,4.914700729719e-09,5.37869900008037e-09,0.0507428036700154,4.71364564047505e-09,5.79638098630042e-09,4.31600921668718e-09,1.52144880027905e-08,2.26208690667917e-10,2.0059920946558e-09,6.85390380561479e-09,0.000431695174802169,1.00000000000031e-05,0.039212178287988,0.0441682521595723,0.255632180051326,4.91906898547612e-09,3.20724308222609e-09,9.96782018036768e-10,5.81669584720501e-09,1.3597220890893e-08,4.6064608794083e-09,9.27801821481999e-10,2.78673101261617e-09,3.02501504401143e-08,5.53050838458802e-09,4.99683938670614e-09,0.000451266282808421,1.15621377055897e-09,9.88509829547013e-11,1.82459186648387e-11,2.70962363657645e-09,5.17719520032323e-10,0.0459826004117722,1.14043509219508e-08,1.25144377222108e-08,1.18644484514707e-09,3.7529312990614e-09,8.37931947439419e-09,1.64196309881959e-08,9.96990073831583e-09,0.0578655680846863,0.0496352899617684,2.19334909956626e-09,6.87640475116602e-09,5.54381460182718e-09,6.76803474375376e-10,2.34100794305192e-11,2.91513771455421e-10,1.60983116004321e-08,3.04064462497422e-09,1.70604662619311e-08,7.02286857834356e-09,1.93601952525047e-09,3.07597494975109e-08,4.57249765828394e-09,1.76700246101724e-09,1.22811041891602e-09,1.35767924680508e-10,0.0512962398477064,2.22673521288463e-09,2.33071595356904e-09,2.00900810293225e-08,5.1268752437883e-09,4.12582808195783e-09,1.00000000000031e-05,1.83771010908718e-09,1.88331805706099e-09,1.01172129007843e-09,9.77075725883125e-10,1.35090545971828e-07,1.32766254379302e-08,7.33367810923369e-11,1.75827494230951e-09,1.69233049795992e-09,0.141147395324879,4.15703238498821e-09,3.92404250759704e-09,4.23851279351961e-08,4.37757202709221e-09,0.00521933504613661,1.0116757848122e-09,1.70055622361609e-09,1.58757531426579e-09,3.56010644575466e-10,3.09530642783606e-09,2.25357794925163e-09,0.0431531263705688,7.67403002255307e-09,2.43024295132344e-10,8.02450408898814e-09,1.57098933861732e-09,1.94261443042798e-09,5.01984694922797e-08,0.127931092435781,0.069820865646063,0.112616739335907,9.08919994824231e-10,1.32019652293591e-08,4.52716715504398e-09,1.71935304882354e-09,1.76056103029509e-09,2.20531745642738e-10,6.78260331232750e-09,1e-05,3.24477017477065e-09,2.64769805524701e-08,6.46075054566708e-10,6.90574158968005e-08,7.88569929355276e-08,2.66291363959503e-09,0.0297669580046103,5.56172413679334e-09,1.76531075868347e-09,2.95005614381338e-09,9.80588998888976e-10,6.96702442959385e-09,7.29051347070353e-09,1.21339893688344e-09,2.76049468006523e-09,1.45329429046548e-09,6.98550828293065e-10,0.000585443366748734,4.88388408881324e-09,1.34510129978782e-08,1.20071805276289e-09,1.00000000000031e-05,1.07482855948859e-09,4.03310520258326e-08,0.0224504412870723,1.76921308714384e-08,9.99999999999959e-06,1.12408104768758e-08,4.66981080193829e-09,7.15263764883289e-10,9.99999999999959e-06,1.60835589291253e-09,1.05701758457144e-09,9.10346149851637e-09,1.17498072382816e-09,0.0384167198639281,4.50384051720043e-08,4.52692716645942e-10,9.98055416090438e-10,0.0315349971195615,0.0380823254871963,1.82692211359026e-09,8.54492410162777e-09,1e-05,4.47285542909404e-08,9.99999999999959e-06,0.0203810208672265,2.68912803136345e-09,0.00592760216557769,4.74786884807621e-09,4.82051232264524e-09,8.5282471917747e-09,2.73397848804535e-09,3.49596251947304e-09,9.18313325382059e-09,5.0784897120959e-09,4.83520024019413e-09,1e-05,0.998877097850993,7.69935522282328e-09,0.00417623622223216,1.19042178892137e-10,3.03974578841348e-09,0.0812693646788755,2.5468412073737e-08,2.73348731150147e-08,3.54648604927732e-09,3.74039632600187e-10,6.86916190595355e-10,5.49869361154975e-09,0.026245743403795,1.72793167552143e-08,4.73544063683828e-09,1.27340957223332e-09,0.00511332653020596,1.68436722902676e-10,0.0548181758426623,1.24774175436215e-08,2.61053045846893e-09,1.93957472305328e-09,2.05061573277376e-09,1.50865098191844e-09,8.75089556373609e-10,1.55252302680431e-09,1.08901893614011e-08,8.45501446633534e-12,6.89104201478941e-09,2.52436424957869e-08,2.06164601362913e-08,5.47883849399966e-10,9.22729531671607e-10,9.16714398835339e-10,5.36980737653181e-11,0.00527579564455832,0.0350885186606601,1.01608951807997e-09,0.0244680254580734,9.24511966982067e-10,1.08462984149682e-08,2.83335278294938e-08,4.48553852394618e-09,3.94214277887883e-09,2.08316419669785e-11,3.15363707370508e-10,5.91670026861557e-09,4.58760210375608e-10,8.76360595203352e-10,5.08598015092065e-09,4.00471691919257e-09,8.86882747797024e-10,4.09177650095849e-09,4.34310531982618e-10,5.75255842960587e-10
Th,7.43115113837088e-11,3.97001021718193e-09,2.95344061082351e-09,1.63856786743417e-09,1.40311454942032e-09,1.5205491704845e-09,1.2519921753559e-09,1.02634477046395e-10,1.21963288134604e-09,2.61629187533793e-12,6.60477398804111e-09,1.34022304510781e-08,3.96378511649002e-10,0.0161277810966154,9.83426557694014e-09,8.85536464301755e-09,4.46725633934227e-10,1.73020913305195e-10,2.12200008925161e-09,2.50322583401641e-10,3.63968840908789e-08,1.96029812755504e-09,7.29985836196887e-06,0.00809584441742376,3.06869295167302e-09,1.3350274960047e-09,2.86548012951593e-10,1.23173149247544e-09,1.70969539882772e-10,9.45606637881914e-08,1.29406337525766e-10,2.25109873520027e-08,7.13963802393028e-10,2.21672297873594e-08,0.0175923796190998,1.00239122269469e-09,9.05113994455627e-09,8.76910789316863e-11,0.0452922622891504,7.93151894816946e-10,2.3973229726981e-09,0.013806319751541,0.00986949858780848,1.08630202631836e-08,8.8396985703787e-09,5.45472551880299e-09,0.00931268664496072,2.05069663151826e-08,1.07963053771094e-08,7.56174978653827e-10,0.0108528347951333,9.8283448134196e-10,1.86855655477382e-09,1.41671196681236e-10,9.62254013559442e-09,7.40939743097171e-12,8.54397599678018e-11,3.44677842609072e-08,0.0443388603552269,0.0117749159224732,3.77574958683856e-09,8.07039659084526e-09,0.00464866615942828,0.0305212691159058,0.0318487741738347,3.86091507278794e-10,1.43847028286958e-09,1.15657944112308e-09,1.23732581417398e-08,1.04911596336032e-08,1.42261372839577e-08,0.0241852730807393,0.0143325915990887,7.09920080126324e-10,0.0208532520503521,0.0370165627492404,0.00549776766781997,1.47081249623934e-08,4.55515961540297e-08,1.0491950824691e-11,4.68457501929561e-10,2.74407843511785e-09,2.08155081053235e-10,6.19415191695901e-11,1.79569183213651e-09,0.0141844471261708,0.00531748959869174,1.55352728534387e-09,6.2222478858849e-10,9.51923146559893e-10,0.0624927690350088,1.76254293291425e-09,1.12089277950358e-09,3.00161364762769e-08,1.14260243586047e-08,2.39267179131338e-09,1.50535866048753e-09,1.79727155359103e-09,5.86119164709723e-09,1.9431711899025e-09,1.5126314732979e-09,4.48940810002302e-10,0.000758951554781205,0.023049868370705,2.07081480696743e-08,0.0228127820820009,0.0331916336514236,6.88297215344526e-10,1.4460716962956e-08,1.86176411279773e-09,3.08101466239445e-09,1.06073993952806e-08,0.0915295929451777,0.0416668068464149,0.107766725128456,1.00566061684448e-09,1.16456997121515e-08,0.0416878143840776,5.75022748551448e-10,1.78802830344798e-13,6.98028740637005e-09,0,1.52108600817995e-09,5.77351183559268e-10,1.64320643175513e-10,0.0133912058662092,0.0726711100906097,0.0431045736876536,6.24797621625541e-10,1.56885668931124e-09,3.33887245221699e-09,7.26284404329034e-09,6.47904729057762e-08,0.0243152178797417,0.00862763746016899,7.50378800725737e-10,6.3264523484406e-09,0.0214576987253488,8.83378141384929e-07,8.55097915847741e-10,2.10326082016298e-05,0.0173676914524233,1.17810760733996e-09,7.98429999928115e-09,3.7760225913701e-09,0.011645508195376,0.0469994438683293,3.21248692624329e-08,4.19432220828978e-10,2.72584766291146e-07,0.0675288750998888,3.51664275131979e-10,5.81361106470423e-10,0.0232266838743663,2.34679368677829e-10,8.40346039974238e-09,0.00839362759007796,8.30443301353853e-08,9.66863431465591e-10,0,0.0138854347593236,0.0443484689205166,3.54690754882656e-09,0.0226179414688254,6.59822821719709e-10,0.00686502466235737,2.72721485300032e-09,9.76013924220931e-11,6.00227898631304e-10,5.18731094444183e-10,2.04618758440952e-09,1.14014173734598e-08,7.72080527292775e-09,4.61150607793502e-09,0.132900371842305,7.63991899555367e-08,4.59067951406421e-10,0.012209871177797,0.0183610936854037,0.0677133190530002,0.0567299817188005,1.16455448949065e-09,1.31077227795799e-09,0.0178004012195955,0.000888470733426095,4.90946059785574e-10,0.110020520325144,0.0624159439647219,0.000212504227543914,1.32315965743431e-08,0.0266845465818656,2.04770957338412e-09,8.12317073429822e-10,0.0394019137525925,6.03614297271365e-09,2.0141929450625e-09,7.18883440390528e-10,0.0180706843004416,5.72932983235528e-09,7.78372039844352e-10,1.61842800272596e-08,0.0053725397806407,0.0405204124704771,0.0204583020712454,1.15607898382008e-08,0,1.07400575770138e-09,0.053421020501803,9.99911608537304e-09,4.26565545279569e-10,0.0315660313085298,0.0150348111025253,1.07918075141714e-09,0.0373393830948459,6.94500056906023e-10,0.00780247383627274,0.0169690280838499,0.0241518527814089,0.0246782056837223,1.04832416591545e-08,1.17474091450025e-08,3.81956455705307e-08,0.0178123274780532,0.0244612548573415,2.47683418156221e-09,0.0495317392961564,0.0261785614242872,1.62207123347404e-09,0.083530036464239,1.35752692790774e-08,0.0195896911449076,9.03198809818583e-09,0.0158661241400064,8.32651032210727e-11,0.0282937329581948,0.000208436486284394,2.58392282708757e-09,1.67591483917841e-09,0.0164629030844154,1.70480592647869e-08,8.71103468468709e-11,0.0220747183897607,9.58560369935387e-11,0.136839076604062,0.113301074954754,0.105034508020915,2.17762858473115e-09,1.34974352122491e-07,2.68511695309149e-08,3.44796612536288e-11,0.0234687346410384,3.81783183054121e-09,2.874523948275e-09,3.72745462145505e-10,4.76830435642844e-09,8.42911242595869e-10,0.00438790110222007,3.09566186856186e-09,4.58709916800457e-06,1.79686758756616e-09,6.72657849792258e-10,1.74494982721684e-07,0,6.3718742375781e-10,0.00993052056942775,2.64207700506019e-09,2.47864861688635e-13,1.43064172814753e-07,1.57783361407009e-08,4.44768810703059e-09,2.46066902117606e-09,1.0487873423637e-10,0.0125249958615044,8.79374602034065e-08,0.0369813018859764,1.4645973575563e-09,0.061326598764584,1.39663480599978e-08,2.66849578636325e-08,0.0726757231552845,0.00283297939121423,2.69202858197815e-09,4.41703326044455e-10,2.60422531908404e-09,0.0389606257159177,2.53765013966566e-09,0.00434843996195071,7.16277723174883e-09,0.0056833716092386,0.0181435801064834,5.8481484104601e-09,3.44835209303173e-08,2.9771738482408e-08,2.04280438229209e-09,0,0.131454678595962,0.00708859394000996,2.0630790552216e-08,4.67969075412079e-10,0,0.0219235702770724,9.62887237326352e-09,1.49294200209329e-07,1.01843088195282e-09,9.73040609210187e-10,0.0118229386633227,0,9.78302166951234e-10,6.80651443538494e-09,0.011959805024888,0,1.66218259753625e-10,1.91661111320255e-09,1.57955560006475e-09,8.74867569675192e-11,3.98143139633676e-10,8.17304236406169e-08,2.49109695057399e-10,0.0253779928566573,1.84256521000093e-08,6.60506091016129e-09,0.014976463757417,2.81044716969214e-08,9.64626012532522e-09,0.0047347260854225,0.00017163751102144,2.7581693794813e-10,7.26805693651445e-10,0.0168639225750934,2.72559916963478e-08,4.97417588460428e-08,1.60706151552883e-08,1.35015472623812e-09,5.92714766019916e-11,0.00616734474640805,1.13733171748679e-08,1.48837880776459e-09,5.45615041721906e-08,0,2.34890973346782e-08,5.36648406716575e-09,8.20036046392578e-10,2.14240731061162e-08,5.5971697656299e-09,0.0429562179098949,3.52283106734314e-09,0.0129967816994302,2.90604967508095e-09,4.96946698839537e-08,6.83454474510231e-09,6.20932512548948e-10,1.02678711511532e-08,8.70869717835794e-09,3.30100309681795e-08,4.28337820991319e-09,7.01103545513812e-09,0.00165316609886115,0.0399913513825112,0.0229171940703675,3.94285787351902e-09,2.85925864515197e-10,8.74380569833733e-09,0.0463695781432734,1.93703409883219e-09,4.40682650002275e-08,1.2456665281749e-09,1.13079140422251e-09,0.0368305322318803,0.0102478969207845,2.32638756791699e-09,4.24852480579535e-09,0.0118028798155066,0.00227974138325835,3.16155281361019e-09,0.0550494689325711,0.0829843472465403,9.14731901988202e-10,4.51595016294786e-10,0.0717747975686759,1.27358996850682e-08
Treg,0.00720330185938631,0.00717675130333925,0.00339718467187444,4.0639991589448e-07,8.46883407275503e-09,1.74119281499239e-08,0.00487425993014013,0.0307663187866079,0.0194542948539088,0.0163096737822702,9.36427171496378e-09,0.000317674660769945,0.0370667889848294,0.0161277810966154,5.39415653108954e-08,0.0782788720869103,0.042426922296978,0.0117351452334392,0.00498660885199667,0.0117805934279194,1.49624228011672e-08,0.018881690940085,7.29985836196887e-06,1.08943455080817e-08,0.0590396252580822,0.0339278335648516,0.053390971411402,0.0465676523586766,0.0351499684145666,1.40347273762012e-08,0.0147960481405606,2.11905809493238e-08,0.0885295703974558,9.03736693672432e-08,0.0175923796190998,0.0359412859859887,9.08864519398695e-08,0.0311444391235415,0.0739664077433088,0.0760921212793363,0.0638810842371511,0.013806319751541,0.00986949858780848,1.93386430531178e-08,1.84478426735998e-07,0.00766448893461703,0.00931268664496072,6.54986931215035e-05,1.53070389753795e-08,0.058480148502315,1.05206733347046e-08,2.18002491633158e-07,0.0614325727186939,0.00767542808961813,0.0349731267265463,0.0453710317726441,0.0546862026661888,0.0256787828698978,5.51288367747509e-09,1.43831323680051e-08,0.00825569023860547,0.00196461232258437,0.00464866615942828,0.0416477164752895,6.03314583797571e-09,0.0625725068018984,0.0716240647155668,0.0526219669924232,2.20442060884269e-07,1.21592760451292e-08,4.00856990701889e-08,0.0241852730807393,0.0143325915990887,0.0385093509105802,0.0208532520503521,0.0137922461459975,0.00549776766781997,2.78190938919782e-08,2.76693401220531e-08,0.0823042363643716,0.0135109298598061,0.0803308030031442,0.0640880655636469,0.00229711174956499,0.0341575915227839,0.0141844471261708,0.00531748959869174,5.84669671880178e-08,0.0872816108326081,0.0519284032588731,1.01381766700354e-08,0.00915892310679355,0.0181152255509659,1.22134924095565e-08,1.75972645487772e-07,0.010815677334219,0.00445720022521022,0.0720372596630339,0.0826087605913464,0.0279272534808592,0.0201206827566518,0.111936136864079,0.000758951554781205,0.023049868370705,4.69156884277796e-08,0.0228127820820009,0.0218612479629005,0.0175575894121624,2.05024544316158e-08,0.0416606685368658,0.00994074467161677,2.00243394903197e-08,1.95414461727824e-08,2.66373738231905e-08,1.25291393196599e-09,0.0733368806119673,2.33155506162463e-08,9.99942520070259e-10,0.113229962501692,0.0195360457253589,0.00290154968904765,0,0.0404169431028233,0.0312676584072472,0.0246122323500286,0.0133912058662092,1.00267535382664e-08,0.00798911348066597,0.0114339132023754,0.0261352165964671,5.67428163766646e-10,0.00915840262607223,1.93642149117337e-08,0.00733839954341196,4.47719307476612e-08,1.69973263696565e-09,7.69703672486961e-09,0.0230296929197816,0.166500639602853,3.09514716621911e-09,2.10326082016298e-05,0.00833935727045861,0.00442467833060284,1.13201684347842e-08,0.012455339315715,0.00163700520656287,0.00952422137816235,0.00871511079813875,0.0234728089993433,0.0273963525574919,0.0118790479185772,0.0741443402443805,0.0351432552032638,1.22172079475885e-08,0.0177527634798966,1.26145945058741e-07,2.47760802298815e-09,4.78067174542184e-07,0.0941860786171613,0,0.0138854347593236,8.659400710022e-09,0.0152289832561926,0.0226179414688254,0.0566122703152438,0.00686502466235737,0.0382831099288475,0.111769470009078,0.0107464604838467,0.0276669002563706,0.0228768460375745,0.019795960871265,2.02261827078867e-07,0.0414882798072838,0.0114597951011077,0.0127978075337318,0.0259444181495117,0.012209871177797,0.0183610936854037,0.0213942891478263,1.17693931203531e-08,0.0471771600116405,0.0337145543554071,0.0348466486005862,0.0138075531564671,0.0286110762262996,0.00952640734650186,6.57819122817299e-10,0.000212504227543914,0.0159225601967304,0.0068547810875536,4.16235713906648e-08,0.0681163938450768,0.0453621359053226,0.0814633816158167,3.33643929704294e-09,0.00560974386617386,0.0133519355192166,0.0070172756746717,0.00412927540036939,1.27860678108632e-09,0.0053725397806407,3.14342444857153e-08,0.0204583020712454,3.62160158058297e-08,0,0.00176338783619597,0.0394868312146247,4.12819475203706e-08,0.103856159909685,0.110415434785052,0.0490401071256703,0.0803956895079933,0.00321868529586787,0.0378567488093056,0.0307838475273182,0.0169690280838499,0.00296637127630484,0.0246782056837223,0.000291382650202098,1.55519360268335e-07,1.35998216285126e-08,0.0178123274780532,2.79267556793401e-09,0.00385068700110063,1.92637504414561e-09,0.0593259459679088,0.0253363678459894,9.07772899369886e-10,0.0302119180059881,0.0195896911449076,0.00602330615911073,0.0158661241400064,0.0187441085288192,0.0310160776280946,0.0139739638341445,0.0607447825895983,0.0214471194306104,0.0164629030844154,5.28255826195744e-08,0.10549758180335,0.00680420835441392,0.00471118384565993,1.72303853923056e-09,5.97293160358391e-11,0.00653932214741546,0.0128782521323872,0.00239105410982194,0.00686761293534647,0.0556354693497249,0.0234687346410384,1.10657977988565e-07,0.01118922116693,0.0388934000239401,0.00478482148673513,8.06969186024271e-09,0.00438790110222007,4.7493142070969e-07,4.58709916800457e-06,0.0969848832543162,0.0346215504500134,1.02482766192684e-08,0,0.118960806698895,0.0342270511652351,3.61414374056832e-08,4.90247218339217e-12,0.0129111925343856,2.2456854538219e-08,0.00272170860614029,0.0477448590395049,0.0271206731215245,0.0125249958615044,8.90414823224493e-08,0.0466540799176905,0.0365413156048219,6.24725451302848e-08,0.00405452969915278,5.55469243601473e-09,0.000719184254422792,0.0241061821539517,2.33264710666693e-08,0.0203750115795771,0.0550059113078163,0.0207473533106407,0.0366090020831745,0.0169908851266452,0.00300620095472865,0.0056833716092386,0.0181435801064834,3.07173426204103e-09,0.000342272808317149,0.000740094062506366,0.0597557349940362,0,4.56098241429721e-10,0.0368075442937546,1.86539157242106e-08,0.0300766629599024,0,0.0109326381873919,1.41030473279731e-08,0.000304776380814635,0.0603386289468411,0.0235260452565644,0.0118229386633227,0,0.00663093338944669,0.0159567486661577,0.00953105461826257,0,0.0469722635678511,5.34737861299664e-09,0.0148981482883739,0.132309856043818,0.0233179597704547,0.00157966632431359,0.0276490104083372,0.0367743652584737,0.0277769699573057,0.0178925188816539,0.014976463757417,0.0206495217594273,8.46985378059547e-08,0.115616504524723,0.00017163751102144,0.0275459499035635,8.47721570954153e-08,0.102021582387218,0.0428561345582268,0.0122673120900716,0.0227899986102976,0.00544236079163006,0.0349554144492614,4.15060947975276e-07,0.0135009814884919,0.00645213202367829,0.0380643494417425,0,1.41868369880814e-07,0.0622713944014806,0.0530654198178568,0.00788722871234027,1.74050665088482e-08,0.00577696156644283,0.0275275679997402,0.0129967816994302,0.0464980786437657,2.62624298254344e-08,1.40907461911105e-08,0.0727586181751919,9.73011529283357e-08,0.07836999823851,0.0264539439730562,0.00206733318927068,0.00952217503120853,0.0415846923196323,0.0604348104193465,0.0774540406630878,1.11901236126348e-07,0.0121063687731737,0.0107810733738129,0.0259466514253957,0.0552001569671187,0.0173098835951209,0.00776603706554845,0.0518379162822632,0.00569546158764194,0.0102478969207845,0.00798712837442951,0.0214292774838943,0.0118028798155066,0.0627781619130556,0.0106345805928055,7.96678747743507e-10,0.0214369880878737,0.0127414367387698,0.0286330737076014,0.0191843283909133,0.0491437046937698
Tother,0.0479780886732639,0.10712089940397,0.11938634289484,0.184546288400649,0.0565743893543362,0.173317947166047,0.219882410465888,0.127370134726865,0.164296554720966,0.104394088270556,0.068119233818836,0.0897342841142427,0.124414699284955,1.00000000000031e-05,0.0541052843238041,0.195688048531047,0.112859182393516,0.140300581845152,0.0879116124840935,0.0855600456036547,0.0539540493466243,0.0893138262432261,1e-05,0.0419523436116891,0.191383186958289,0.198930206106343,0.194738450821596,0.0284082007600661,0.139180906354686,0.0863868415818618,0.0893802991693359,0.172558196490815,0.16334641292877,0.0845741464351556,1.00000000000031e-05,0.0517653114896099,0.094706310859551,0.182084224341466,0.214157930341228,0.204526494682912,0.116399463281824,9.99999999999959e-06,9.99999999999959e-06,0.0677653995342182,0.0620871632814359,0.0833492489293561,9.99999999999959e-06,0.152841236023422,0.111342812413273,0.192296875624412,0.185347404529865,0.196534536337802,0.144692316439421,0.0986852189016036,0.05562718900614,0.0613229428398998,0.0994691060881427,0.115376814521158,0.1488383170412,0.0740900963874833,0.115518975884858,0.0838311198863839,9.99999999999959e-06,0.163430211640289,0.200962459844499,0.400432300822242,0.150828792962486,0.159393396842413,0.0790086951288212,0.0640414416096982,0.122651037743457,1.00000000000031e-05,9.99999999999959e-06,0.0537794747710146,1.00000000000031e-05,0.135889105854799,9.99999999999959e-06,0.0971746664313379,0.0805008825510956,0.136826047404373,0.192569872241573,0.19259777225515,0.308552786376137,0.244762855151839,0.0655529529406251,9.99999999999959e-06,9.99999999999959e-06,0.0633693811224911,0.0601870085805663,0.076648450419314,0.165910494471864,0.113777551968287,0.151849559908977,0.0586061338410562,0.228427881133652,0.284203467502173,0.149954892308034,0.251104400206639,0.150350267430551,0.223889153902932,0.192478406867206,0.0334460607897354,1e-05,1.00000000000031e-05,0.0631339375066269,1.00000000000031e-05,0.120956514710799,0.105454913113627,0.14913066950124,0.00880168913318291,0.180086071110711,0.122703198174976,0.030459699150882,0.106076423780462,2.67701195252878e-07,0.128059954420356,0.227781175719609,0.167164721642057,0.250231168734175,0.104279374843175,0.129790600487978,1e-05,0.0687762529024232,0.1724362256128,0.025824700325634,9.99999999999959e-06,0.122623550465358,0.102656058052579,0.202802584586585,0.165961031294961,0.0514029544170625,0.136578911228503,0.16339738035133,0.030966462764124,0.176785869319702,0.22610553408645,0.174252139388534,0.108202230419166,0.192675519180245,0.105226575715046,1e-05,0.0716692560462752,0.185098040010344,0.0823450729567804,0.111148237946369,0.119976052241292,0.288225459106282,0.158993997123357,0.103002783368609,0.106440929830885,0.120907681961203,0.208659424284423,0.0542180290011526,0.168434414504305,0.236329205663443,0.194425854779827,0.195969183681073,0.0878899417936147,0.117832231389727,1e-05,9.99999999999959e-06,0.0227323932375583,0.0757686725595092,1.00000000000031e-05,0.101905733502403,9.99999999999959e-06,0.154447101623248,0.0914248518953551,0.202287586626167,0.159251166256168,0.193029123798848,0.14306506911241,0.0786564219337335,0.170540498181489,0.255750835215065,0.280939870868351,0.0778851318342129,9.99999999999959e-06,1.00000000000031e-05,0.090949970550014,1.03583550070674e-09,0.0345120172121558,0.206472026091468,0.0793235741003633,0.0607459928576364,0.235707835233383,6.00130768690921e-09,0.0953035284660874,1e-05,0.139268861787156,0.243584985477407,0.0969801106821416,0.0730952609853887,0.260059923526829,2.08598305295737e-09,0.121553476020119,0.177648500412118,0.0967814152403144,0.0881201619385856,0.0540349282567374,0.170132753544255,9.99999999999959e-06,0.0745974119554201,1.00000000000031e-05,0.091677940410341,1e-05,0.147516352885794,0.0899256075120311,0.231262748172994,0.304592388355776,0.2615524412364,0.00606482442798283,0.0990869117220246,0.0547752362858491,0.130083870266842,0.0582147714860776,1.00000000000031e-05,0.0578016037004852,1.00000000000031e-05,0.202523126229833,0.160903098759311,0.0692645103645284,1.00000000000031e-05,0.114685356250803,0.070749993337329,0.187860865347017,0.33279455977531,0.225093733008309,0.0748696733067035,0.0906308140572521,1.00000000000031e-05,0.0835583781961652,1.00000000000031e-05,0.15949709702097,0.0915221579577174,0.234094318168876,0.266051680199404,0.0454292392049231,1.00000000000031e-05,0.0659420831470676,0.0769112895934741,0.171354504321168,0.0815693885910994,8.71972417881839e-08,0.0984814406172861,0.18471752399023,0.204713739477301,0.0549547756226288,0.0953448798260415,0.128671435286105,1.00000000000031e-05,0.0757123340695926,0.124197188258655,0.0358169910938837,0.0491728454582634,0.0909479695404308,9.99999999999959e-06,0.0958190861220355,1e-05,0.0970165328615827,0.129685552010441,0.129665729034401,1e-05,0.306817854235386,0.211138029696864,0.0607587906982758,0.997583731416273,0.14718363939074,0.0779226406786611,0.11722684589238,0.134692204304646,0.0345521035216486,9.99999999999959e-06,0.113823061372719,0.0225537154322434,0.100757315239371,0.140069632085052,0.0882371971123791,0.107689880587514,2.38241595895694e-09,0.142338281914104,0.0694363514691761,0.254517543500797,0.10613559360779,0.0885884009263792,0.0995027076056228,0.116531366068046,0.137080756505972,9.99999999999959e-06,1.00000000000031e-05,0.0573083967630542,0.159445780045823,0.165235384793052,2.46951546920005e-08,1e-05,0.0383401300310862,0.126692290750781,0.0581998968224837,0.173360057564995,1e-05,0.0773923959766029,0.107471632275899,0.0614488250102399,0.129022569623432,0.223026135516169,9.99999999999959e-06,1e-05,0.115514655617859,0.0971394074170062,0.171798497618637,1e-05,0.00440479142414903,0.0582046582502901,0.0630796168830281,0.207457576881165,0.118999164080446,0.129331193000397,0.266369643680244,0.129529955294227,0.143285390245342,0.0841914103014628,9.99999999999959e-06,0.0548606428277604,0.0597266187650844,0.190817472307735,1e-05,0.081287389497079,0.232308229135904,0.238155443301739,0.194869892941271,0.136417465908694,0.101329134964352,0.10157793900254,0.0308733205186924,0.133375415524407,0.112955062519609,0.11492445124685,0.140540355670256,1e-05,0.0860411846387062,0.100696851002615,0.15759718182329,0.107420313056872,0.0700370571769985,0.185930191933475,0.0806115150116335,9.99999999999959e-06,0.247887904292247,0.133143085216838,0.142899052282759,0.0176604384145925,0.315745151279912,0.179900545373959,0.0957180050281099,0.12358190668152,0.0612411273638646,0.110168502152862,0.0347879432630243,0.183106678828197,0.210107779186996,0.136853664791845,0.103708435265783,0.0652661548888889,0.113684757866805,0.11743548770796,0.0989003888733865,0.0982945109502412,0.143225017719389,9.99999999999959e-06,0.139341468251477,0.135909299359735,9.99999999999959e-06,0.110480001534055,0.243216751591835,0.134947857183916,0.10108591620191,0.113689394340161,0.133088613569738,0.091871063047162,0.145640149430494
